nvme0n1           0.00 85935.00    0.00 4793.00     0.00   354.36   151.41     0.11    0.57    0.00    0.57   0.02  10.00
nvme0n1           0.00 45744.00 63250.00 48427.00   247.07   367.94    11.28     0.38    0.04    0.03    0.05   0.00  26.00
nvme0n1           0.00     0.00 129029.70 94228.71   504.02   368.08     8.00     0.59    0.03    0.03    0.03   0.00  30.10
nvme0n1           0.00     0.00 130745.00 94990.00   510.72   371.05     8.00     0.62    0.03    0.02    0.03   0.00  24.40
nvme0n1           0.00     0.00 129886.00 94436.00   507.37   368.89     8.00     0.62    0.03    0.03    0.03   0.00  30.40
nvme0n1           0.00     0.00 129504.00 94043.00   505.88   367.36     8.00     0.75    0.03    0.03    0.03   0.00  34.00
nvme0n1           1.00     7.00 130164.00 94706.00   508.46   369.97     8.00     0.56    0.03    0.03    0.03   0.00  32.80
nvme0n1           0.00     0.00 129126.00 93820.00   504.40   366.48     8.00     0.89    0.03    0.03    0.03   0.00  35.60
nvme0n1           0.00     0.00 129460.00 93947.00   505.70   366.98     8.00     0.65    0.03    0.03    0.03   0.00  34.80
nvme0n1           0.00     0.00 129516.00 94050.00   505.93   367.38     8.00     0.76    0.03    0.03    0.03   0.00  37.60
nvme0n1           0.00     0.00 129383.00 93844.00   505.40   366.57     8.00     0.54    0.03    0.03    0.03   0.00  31.60
nvme0n1           0.00     3.00 129824.00 93732.00   507.12   366.15     8.00     0.69    0.03    0.02    0.03   0.00  30.40
nvme0n1           1.00     0.00 129207.00 93504.00   504.72   365.25     8.00     0.60    0.03    0.03    0.03   0.00  31.60
nvme0n1           0.00     0.00 129048.00 93681.00   504.09   365.94     8.00     0.71    0.03    0.03    0.03   0.00  32.40
nvme0n1           0.00     0.00 128891.00 93461.00   503.48   365.08     8.00     0.66    0.03    0.03    0.03   0.00  31.60
nvme0n1           0.00     0.00 129981.00 93446.00   507.74   365.03     8.00     0.55    0.03    0.03    0.03   0.00  32.00
nvme0n1           0.00     3.00 129668.00 93527.00   506.52   365.35     8.00     0.77    0.03    0.03    0.03   0.00  37.60
nvme0n1           0.00     0.00 129627.00 93406.00   506.35   364.87     8.00     0.76    0.03    0.03    0.03   0.00  33.60
nvme0n1           0.00     0.00 129828.00 93160.00   507.14   363.91     8.00     0.60    0.03    0.03    0.03   0.00  30.80
nvme0n1           0.00     0.00 129045.00 92736.00   504.08   362.25     8.00     0.70    0.03    0.03    0.03   0.00  34.80
nvme0n1           0.00     0.00 129982.00 93821.00   507.74   366.49     8.00     0.68    0.03    0.03    0.03   0.00  34.00
nvme0n1           0.00     3.00 129232.00 92954.00   504.81   363.11     8.00     0.70    0.03    0.03    0.03   0.00  33.60
nvme0n1           0.00     0.00 128957.00 92828.00   503.74   362.61     8.00     0.64    0.03    0.03    0.03   0.00  33.20
nvme0n1           0.00     0.00 129911.00 93151.00   507.46   363.88     8.00     0.61    0.03    0.03    0.03   0.00  36.40
nvme0n1           0.00     0.00 129544.00 92875.00   506.03   362.79     8.00     0.75    0.03    0.03    0.03   0.00  36.40
nvme0n1           0.00     0.00 129187.00 92735.00   504.64   362.24     8.00     0.64    0.03    0.03    0.03   0.00  31.20
nvme0n1           0.00     3.00 129801.00 92820.00   507.04   362.59     8.00     0.75    0.03    0.03    0.03   0.00  36.40
nvme0n1           0.00     0.00 130187.00 92872.00   508.54   362.78     8.00     0.70    0.03    0.03    0.03   0.00  36.80
nvme0n1           0.00     0.00 128880.00 92324.00   503.44   360.64     8.00     0.75    0.03    0.03    0.03   0.00  40.00
nvme0n1           1.00     1.00 130017.00 92819.00   507.88   362.58     8.00     0.75    0.03    0.03    0.03   0.00  35.20
nvme0n1           0.00     0.00 129304.00 92608.00   505.09   361.75     8.00     0.79    0.03    0.03    0.03   0.00  42.40
nvme0n1           0.00     3.00 129370.00 92858.00   505.36   362.74     8.00     0.75    0.03    0.03    0.03   0.00  36.00
nvme0n1           0.00     0.00 129997.00 92729.00   507.80   362.22     8.00     0.64    0.03    0.02    0.03   0.00  31.20
nvme0n1           0.00     0.00 129213.00 92359.00   504.74   360.78     8.00     0.66    0.03    0.03    0.03   0.00  34.00
nvme0n1           0.00     0.00 129647.00 92327.00   506.43   360.65     8.00     0.73    0.03    0.03    0.03   0.00  38.00
nvme0n1           0.00     0.00 130010.00 92737.00   507.86   362.26     8.00     0.78    0.03    0.03    0.03   0.00  34.40
nvme0n1           0.00     3.00 129688.00 92425.00   506.59   361.04     8.00     0.71    0.03    0.03    0.03   0.00  36.00
nvme0n1           0.00     0.00 129860.00 92282.00   507.27   360.48     8.00     0.64    0.03    0.03    0.03   0.00  35.20
nvme0n1           0.00     0.00 130084.00 92590.00   508.14   361.68     8.00     0.61    0.03    0.03    0.03   0.00  28.80
nvme0n1           0.00     0.00 128220.00 91179.00   500.86   356.17     8.00     0.74    0.03    0.03    0.03   0.00  36.40
nvme0n1           0.00     0.00 130136.00 91979.00   508.34   359.29     8.00     0.64    0.03    0.03    0.03   0.00  34.40
nvme0n1           0.00     3.00 129892.00 92023.00   507.39   359.48     8.00     0.70    0.03    0.03    0.03   0.00  40.40
nvme0n1           0.00     0.00 130452.00 92293.00   509.58   360.52     8.00     0.75    0.03    0.03    0.03   0.00  35.20
nvme0n1           0.00     0.00 130446.00 92166.00   509.55   360.02     8.00     0.60    0.03    0.03    0.03   0.00  35.20
nvme0n1           0.00     0.00 129711.00 91256.00   506.69   356.47     8.00     0.58    0.03    0.02    0.03   0.00  32.40
nvme0n1           0.00     0.00 129584.00 91951.00   506.18   359.19     8.00     0.54    0.03    0.03    0.02   0.00  32.80
nvme0n1           0.00     3.00 130298.00 92009.00   508.98   359.42     8.00     0.64    0.03    0.03    0.03   0.00  29.60
nvme0n1           0.00     0.00 129896.00 91661.00   507.41   358.05     8.00     0.53    0.03    0.03    0.03   0.00  31.60
nvme0n1           0.00     0.00 129086.00 91267.00   504.24   356.51     8.00     0.60    0.03    0.03    0.03   0.00  32.40
nvme0n1           0.00     0.00 130231.00 91608.00   508.71   357.84     8.00     0.52    0.03    0.03    0.03   0.00  25.60
nvme0n1           0.00     0.00 130154.00 91457.00   508.41   357.25     8.00     0.62    0.03    0.03    0.03   0.00  30.40
nvme0n1           0.00     3.00 128718.00 90322.00   502.80   352.83     8.00     0.76    0.03    0.03    0.03   0.00  36.40
nvme0n1           0.00     0.00 127022.00 89163.00   496.18   348.29     8.00     0.53    0.03    0.03    0.03   0.00  25.20
nvme0n1           0.00     0.00 127005.00 89150.00   496.11   348.24     8.00     0.60    0.03    0.03    0.03   0.00  28.40
nvme0n1           0.00     0.00 127884.00 90020.00   499.55   351.64     8.00     0.64    0.03    0.03    0.03   0.00  31.60
nvme0n1           0.00     0.00 127604.00 89731.00   498.45   350.51     8.00     0.57    0.03    0.02    0.03   0.00  31.60
nvme0n1           0.00     3.00 127670.00 89478.00   498.71   349.54     8.00     0.52    0.03    0.03    0.03   0.00  26.40
nvme0n1           0.00     0.00 127845.00 89750.00   499.39   350.58     8.00     0.77    0.03    0.03    0.03   0.00  35.20
nvme0n1           0.00     0.00 127647.00 89773.00   498.62   350.68     8.00     0.60    0.03    0.03    0.03   0.00  30.80
nvme0n1           0.00     0.00 126681.00 89315.00   494.84   348.89     8.00     0.70    0.03    0.03    0.03   0.00  33.20
nvme0n1           0.00     0.00 127647.00 89650.00   498.62   350.19     8.00     0.65    0.03    0.03    0.03   0.00  30.00
nvme0n1           0.00     3.00 128712.00 90350.00   502.78   352.95     8.00     0.67    0.03    0.03    0.03   0.00  32.00
nvme0n1           0.00     0.00 128077.00 89642.00   500.30   350.16     8.00     0.57    0.03    0.03    0.03   0.00  32.00
nvme0n1           0.00     0.00 128067.00 90125.00   500.26   352.05     8.00     0.69    0.03    0.03    0.03   0.00  36.40
nvme0n1           0.00     0.00 127877.00 90173.00   499.52   352.24     8.00     0.52    0.03    0.03    0.03   0.00  29.60
nvme0n1           0.00     0.00 126939.00 89521.00   495.86   349.69     8.00     0.66    0.03    0.03    0.03   0.00  26.40
nvme0n1           0.00     3.00 128310.00 90144.00   501.21   352.14     8.00     0.57    0.03    0.03    0.03   0.00  32.00
nvme0n1           0.00     0.00 128224.00 90406.00   500.88   353.15     8.00     0.64    0.03    0.03    0.03   0.00  30.40
nvme0n1           0.00     0.00 127145.00 89349.00   496.66   349.03     8.00     0.63    0.03    0.02    0.03   0.00  32.40
nvme0n1           0.00     0.00 128061.00 90083.00   500.24   351.88     8.00     0.64    0.03    0.03    0.03   0.00  33.20
nvme0n1           0.00     0.00 128006.00 90220.00   500.02   352.42     8.00     0.69    0.03    0.03    0.03   0.00  37.20
nvme0n1           0.00     3.00 127925.00 89904.00   499.71   351.20     8.00     0.66    0.03    0.03    0.03   0.00  33.60
nvme0n1           0.00     0.00 128063.00 89592.00   500.25   349.97     8.00     0.66    0.03    0.03    0.03   0.00  33.20
nvme0n1           0.00     0.00 127541.00 89450.00   498.21   349.41     8.00     0.51    0.03    0.03    0.03   0.00  30.00
nvme0n1           0.00     0.00 127278.00 89891.00   497.18   351.14     8.00     0.56    0.03    0.03    0.03   0.00  26.80
nvme0n1           0.00     0.00 128098.00 89963.00   500.38   351.42     8.00     0.69    0.03    0.03    0.03   0.00  30.40
nvme0n1           0.00     3.00 128013.00 89405.00   500.05   349.25     8.00     0.60    0.03    0.03    0.03   0.00  29.60
nvme0n1           0.00     0.00 126158.42 88953.47   492.81   347.47     8.00     0.53    0.03    0.03    0.03   0.00  30.50
nvme0n1           0.00     0.00 127897.00 89973.00   499.60   351.46     8.00     0.63    0.03    0.03    0.03   0.00  34.80
nvme0n1           0.00     0.00 127666.00 89751.00   498.69   350.59     8.00     0.61    0.03    0.03    0.03   0.00  36.40
nvme0n1           0.00     0.00 126871.00 89354.00   495.59   349.04     8.00     0.62    0.03    0.02    0.03   0.00  32.80
nvme0n1           0.00     3.00 127976.00 89932.00   499.91   351.31     8.00     0.61    0.03    0.03    0.03   0.00  34.00
nvme0n1           1.00     0.00 127353.00 89786.00   497.48   350.72     8.00     0.70    0.03    0.03    0.02   0.00  36.00
nvme0n1           0.00     0.00 127206.00 88999.00   496.89   347.65     8.00     0.62    0.03    0.03    0.03   0.00  33.60
nvme0n1           0.00     0.00 127782.00 89865.00   499.15   351.04     8.00     0.54    0.03    0.03    0.03   0.00  28.80
nvme0n1           0.00     0.00 127110.00 89485.00   496.52   349.55     8.00     0.53    0.03    0.03    0.03   0.00  29.60
nvme0n1           0.00     3.00 128195.00 90064.00   500.76   351.82     8.00     0.62    0.03    0.03    0.03   0.00  28.40
nvme0n1           0.00     0.00 128315.00 90407.00   501.23   353.15     8.00     0.79    0.03    0.03    0.03   0.00  38.80
nvme0n1           0.00     0.00 127784.00 90049.00   499.16   351.75     8.00     0.71    0.03    0.03    0.03   0.00  33.20
nvme0n1           0.00     0.00 128077.00 89496.00   500.30   349.59     8.00     0.56    0.03    0.03    0.03   0.00  28.40
nvme0n1           0.00     0.00 127721.00 90248.00   498.91   352.53     8.00     0.68    0.03    0.03    0.02   0.00  33.20
nvme0n1           0.00     3.00 127772.00 89491.00   499.11   349.59     8.00     0.72    0.03    0.03    0.03   0.00  32.40
nvme0n1           0.00     0.00 127632.00 89716.00   498.56   350.45     8.00     0.70    0.03    0.03    0.03   0.00  34.80
nvme0n1           0.00     0.00 127846.00 89927.00   499.40   351.28     8.00     0.60    0.03    0.03    0.03   0.00  30.80
nvme0n1           0.00     0.00 126699.00 89185.00   494.92   348.38     8.00     0.66    0.03    0.03    0.03   0.00  34.40
nvme0n1           0.00     0.00 128148.00 89844.00   500.58   350.95     8.00     0.51    0.03    0.03    0.03   0.00  29.60
nvme0n1           0.00     3.00 127858.00 89855.00   499.44   351.01     8.00     0.78    0.03    0.03    0.03   0.00  37.20
nvme0n1           0.00     0.00 127281.00 89506.00   497.19   349.63     8.00     0.54    0.03    0.03    0.03   0.00  29.20
nvme0n1           0.00     0.00 127766.00 89724.00   499.09   350.48     8.00     0.62    0.03    0.03    0.03   0.00  36.00
nvme0n1           0.00     0.00 128255.00 90060.00   501.00   351.80     8.00     0.71    0.03    0.03    0.03   0.00  31.20
nvme0n1           0.00     0.00 127540.00 89443.00   498.20   349.39     8.00     0.72    0.03    0.03    0.03   0.00  32.00
nvme0n1           0.00     3.00 128243.00 90300.00   500.95   352.75     8.00     0.66    0.03    0.03    0.03   0.00  31.60
nvme0n1           0.00     0.00 127704.00 89791.00   498.84   350.75     8.00     0.72    0.03    0.03    0.03   0.00  35.20
nvme0n1           0.00     1.00 126569.00 89529.00   494.41   349.73     8.00     0.69    0.03    0.03    0.03   0.00  36.40
nvme0n1           1.00     1.00 128322.00 90045.00   501.26   351.74     8.00     0.77    0.03    0.03    0.03   0.00  29.20
nvme0n1           0.00     0.00 127614.00 89718.00   498.49   350.46     8.00     0.52    0.03    0.03    0.03   0.00  29.20
nvme0n1           0.00     3.00 127392.00 89245.00   497.62   348.62     8.00     0.60    0.03    0.03    0.03   0.00  32.40
nvme0n1           0.00     0.00 128028.00 90125.00   500.11   352.05     8.00     0.62    0.03    0.03    0.03   0.00  28.80
nvme0n1           0.00     0.00 127904.00 89833.00   499.63   350.91     8.00     0.67    0.03    0.03    0.03   0.00  36.00
nvme0n1           1.00     0.00 127197.00 89362.00   496.86   349.07     8.00     0.74    0.03    0.03    0.03   0.00  31.60
nvme0n1           0.00     0.00 128381.00 90604.00   501.49   353.92     8.00     0.60    0.03    0.03    0.03   0.00  28.40
nvme0n1           0.00     3.00 127765.00 89801.00   499.08   350.80     8.00     0.66    0.03    0.03    0.03   0.00  30.80
nvme0n1           0.00     0.00 127573.00 89319.00   498.34   348.90     8.00     0.65    0.03    0.03    0.03   0.00  35.20
nvme0n1           0.00     0.00 127836.00 90042.00   499.36   351.73     8.00     0.62    0.03    0.03    0.03   0.00  31.20
nvme0n1           0.00     0.00 127735.00 89506.00   498.96   349.63     8.00     0.72    0.03    0.03    0.03   0.00  40.00
nvme0n1           0.00     0.00 127459.00 89493.00   497.88   349.59     8.00     0.56    0.03    0.03    0.03   0.00  30.80
nvme0n1           0.00     3.00 127735.00 89985.00   498.96   351.52     8.00     0.72    0.03    0.03    0.03   0.00  32.40
nvme0n1           0.00     0.00 127646.00 89437.00   498.62   349.36     8.00     0.56    0.03    0.03    0.03   0.00  25.60
nvme0n1           0.00     0.00 127484.00 89413.00   497.99   349.27     8.00     0.57    0.03    0.03    0.03   0.00  28.80
nvme0n1           0.00     0.00 128081.00 89951.00   500.31   351.37     8.00     0.68    0.03    0.03    0.03   0.00  30.80
nvme0n1           0.00     0.00 127301.00 89463.00   497.27   349.46     8.00     0.67    0.03    0.03    0.03   0.00  34.00
nvme0n1           0.00     3.00 128128.00 89844.00   500.50   350.97     8.00     0.51    0.03    0.03    0.03   0.00  27.20
nvme0n1           0.00     0.00 127137.00 89424.00   496.63   349.31     8.00     0.53    0.03    0.02    0.03   0.00  31.60
nvme0n1           0.00     0.00 127760.00 89522.00   499.07   349.70     8.00     0.65    0.03    0.03    0.03   0.00  31.20
nvme0n1           0.00     0.00 128136.00 89844.00   500.53   350.95     8.00     0.76    0.03    0.03    0.03   0.00  35.20
nvme0n1           0.00     0.00 127131.00 89908.00   496.60   351.21     8.00     0.72    0.03    0.03    0.03   0.00  36.40
nvme0n1           0.00     3.00 127367.00 90046.00   497.53   351.75     8.00     0.56    0.03    0.03    0.03   0.00  32.40
nvme0n1           0.00     0.00 127384.00 89768.00   497.60   350.66     8.00     0.49    0.03    0.03    0.02   0.00  24.80
nvme0n1           0.00     0.00 127501.00 89289.00   498.05   348.79     8.00     0.56    0.03    0.03    0.03   0.00  33.60
nvme0n1           0.00     0.00 127777.00 89626.00   499.13   350.10     8.00     0.58    0.03    0.03    0.03   0.00  30.80
nvme0n1           0.00     0.00 128091.00 90093.00   500.35   351.93     8.00     0.80    0.03    0.03    0.03   0.00  33.20
nvme0n1           0.00     3.00 127683.00 89708.00   498.76   350.43     8.00     0.61    0.03    0.03    0.03   0.00  30.40
nvme0n1           0.00     0.00 127368.00 89483.00   497.54   349.54     8.00     0.64    0.03    0.03    0.03   0.00  30.40
nvme0n1           0.00     0.00 128219.00 90010.00   500.85   351.60     8.00     0.72    0.03    0.03    0.03   0.00  35.60
nvme0n1           0.00     0.00 127669.00 90064.00   498.71   351.82     8.00     0.56    0.03    0.03    0.03   0.00  30.00
nvme0n1           0.00     0.00 127911.00 90071.00   499.65   351.84     8.00     0.57    0.03    0.03    0.03   0.00  30.40
nvme0n1           0.00     3.00 128083.00 90179.00   500.32   352.27     8.00     0.56    0.03    0.03    0.03   0.00  29.60
nvme0n1           0.00     0.00 126917.00 89324.00   495.77   348.92     8.00     0.60    0.03    0.03    0.03   0.00  32.00
nvme0n1           0.00     0.00 127308.00 89684.00   497.30   350.33     8.00     0.86    0.03    0.03    0.03   0.00  38.40
nvme0n1           0.00     0.00 127640.00 90001.00   498.59   351.57     8.00     0.82    0.03    0.03    0.03   0.00  36.00
nvme0n1           0.00     0.00 127307.00 89413.00   497.29   349.27     8.00     0.64    0.03    0.03    0.03   0.00  28.00
nvme0n1           0.00     3.00 126960.00 89472.00   495.94   349.51     8.00     0.64    0.03    0.03    0.03   0.00  35.20
nvme0n1           0.00     0.00 127655.00 89766.00   498.65   350.65     8.00     0.65    0.03    0.03    0.03   0.00  28.00
nvme0n1           0.00     0.00 127401.00 89282.00   497.66   348.76     8.00     0.48    0.03    0.03    0.03   0.00  26.40
nvme0n1           0.00     0.00 127507.00 89532.00   498.08   349.73     8.00     0.62    0.03    0.03    0.03   0.00  36.00
nvme0n1           0.00     0.00 127429.00 89350.00   497.77   349.02     8.00     0.50    0.03    0.03    0.03   0.00  25.60
nvme0n1           0.00     3.00 127479.00 89672.00   497.96   350.29     8.00     0.66    0.03    0.03    0.03   0.00  31.20
nvme0n1           0.00     0.00 126284.16 88967.33   493.30   347.53     8.00     0.53    0.03    0.03    0.03   0.00  30.10
nvme0n1           0.00     0.00 127106.00 89068.00   496.51   347.92     8.00     0.50    0.03    0.03    0.03   0.00  26.80
nvme0n1           0.00     0.00 126987.00 89017.00   496.04   347.72     8.00     0.58    0.03    0.03    0.03   0.00  25.60
nvme0n1           0.00     0.00 127747.00 89765.00   499.01   350.64     8.00     0.70    0.03    0.03    0.03   0.00  30.00
nvme0n1           0.00     3.00 127352.00 90119.00   497.47   352.04     8.00     0.63    0.03    0.03    0.03   0.00  34.40
nvme0n1           0.00     0.00 127263.00 89643.00   497.12   350.17     8.00     0.58    0.03    0.03    0.03   0.00  32.00
nvme0n1           1.00     1.00 127591.00 89726.00   498.41   350.50     8.00     0.70    0.03    0.03    0.03   0.00  31.20
nvme0n1           0.00     0.00 127096.00 89616.00   496.46   350.06     8.00     0.63    0.03    0.03    0.03   0.00  33.60
nvme0n1           0.00     0.00 127266.00 89371.00   497.13   349.11     8.00     0.48    0.03    0.03    0.03   0.00  31.60
nvme0n1           0.00     3.00 126776.00 89175.00   495.22   348.35     8.00     0.61    0.03    0.03    0.03   0.00  32.80
nvme0n1           0.00     0.00 127465.00 89730.00   497.91   350.51     8.00     0.64    0.03    0.03    0.03   0.00  26.80
nvme0n1           0.00     0.00 127104.00 89363.00   496.50   349.07     8.00     0.60    0.03    0.03    0.03   0.00  25.20
nvme0n1           0.00     0.00 127026.00 89259.00   496.20   348.67     8.00     0.52    0.03    0.02    0.03   0.00  29.20
nvme0n1           0.00     0.00 127185.00 89365.00   496.81   349.08     8.00     0.70    0.03    0.03    0.03   0.00  33.60
nvme0n1           0.00     3.00 127375.00 89468.00   497.56   349.50     8.00     0.54    0.02    0.03    0.02   0.00  28.40
nvme0n1           0.00     0.00 127430.00 89928.00   497.78   351.28     8.00     0.49    0.03    0.03    0.03   0.00  22.80
nvme0n1           0.00     0.00 127713.00 89500.00   498.88   349.61     8.00     0.58    0.03    0.02    0.03   0.00  33.20
nvme0n1           0.00     0.00 126778.00 89325.00   495.23   348.93     8.00     0.77    0.03    0.03    0.03   0.00  34.00
nvme0n1           0.00     0.00 127912.00 89901.00   499.65   351.18     8.00     0.50    0.03    0.03    0.02   0.00  27.60
nvme0n1           0.00     3.00 127214.00 89236.00   496.93   348.59     8.00     0.62    0.03    0.03    0.03   0.00  31.20
nvme0n1           1.00     0.00 127359.00 89343.00   497.50   349.00     8.00     0.58    0.03    0.03    0.03   0.00  24.80
nvme0n1           0.00     0.00 127100.00 89903.00   496.48   351.19     8.00     0.54    0.03    0.03    0.03   0.00  32.40
nvme0n1           1.00     0.00 127641.00 89271.00   498.61   348.71     8.00     0.51    0.03    0.02    0.03   0.00  28.40
nvme0n1           0.00     0.00 127295.00 89294.00   497.24   348.80     8.00     0.68    0.03    0.03    0.03   0.00  30.00
nvme0n1           0.00     3.00 127568.00 89421.00   498.31   349.31     8.00     0.60    0.03    0.02    0.03   0.00  28.80
nvme0n1           0.00     0.00 127365.00 89459.00   497.52   349.45     8.00     0.61    0.03    0.02    0.03   0.00  36.40
nvme0n1           0.00     0.00 127170.00 89387.00   496.76   349.17     8.00     0.56    0.03    0.02    0.03   0.00  31.20
nvme0n1           0.00     0.00 127898.00 89899.00   499.60   351.16     8.00     0.69    0.03    0.03    0.03   0.00  28.40
nvme0n1           0.00     0.00 127503.00 89507.00   498.06   349.64     8.00     0.80    0.03    0.03    0.03   0.00  38.80
nvme0n1           0.00     3.00 125787.00 88314.00   491.36   344.99     8.00     0.64    0.03    0.03    0.03   0.00  30.40
nvme0n1           0.00     0.00 127059.00 89465.00   496.32   349.47     8.00     0.54    0.03    0.03    0.03   0.00  30.00
nvme0n1           0.00     0.00 126979.00 89520.00   496.01   349.69     8.00     0.67    0.03    0.03    0.03   0.00  32.40
nvme0n1           0.00     0.00 127207.00 89076.00   496.90   347.95     8.00     0.64    0.03    0.03    0.03   0.00  32.40
nvme0n1           0.00     0.00 127539.00 89372.00   498.20   349.11     8.00     0.51    0.03    0.03    0.03   0.00  27.60
nvme0n1           0.00     3.00 128357.00 89839.00   501.39   350.95     8.00     0.77    0.03    0.03    0.03   0.00  32.40
nvme0n1           1.00     0.00 127457.00 89603.00   497.88   350.01     8.00     0.68    0.03    0.02    0.03   0.00  36.40
nvme0n1           0.00     0.00 128025.00 90003.00   500.10   351.57     8.00     0.66    0.03    0.03    0.03   0.00  34.80
nvme0n1           0.00     0.00 127078.00 89808.00   496.39   350.82     8.00     0.81    0.03    0.03    0.03   0.00  34.80
nvme0n1           0.00     0.00 127424.00 89081.00   497.75   347.97     8.00     0.52    0.03    0.03    0.03   0.00  24.40
nvme0n1           0.00     3.00 127808.00 89814.00   499.25   350.85     8.00     0.50    0.03    0.03    0.03   0.00  25.60
nvme0n1           0.00     0.00 127852.00 89845.00   499.42   350.96     8.00     0.62    0.03    0.03    0.03   0.00  30.80
nvme0n1           0.00     0.00 127850.00 89730.00   499.41   350.50     8.00     0.68    0.03    0.03    0.03   0.00  36.40
nvme0n1           0.00     0.00 127480.00 89786.00   497.97   350.73     8.00     0.45    0.03    0.03    0.03   0.00  22.80
nvme0n1           0.00     0.00 127008.00 89589.00   496.12   349.96     8.00     0.50    0.03    0.02    0.03   0.00  29.60
nvme0n1           0.00     3.00 127149.00 89747.00   496.68   350.59     8.00     0.56    0.03    0.02    0.03   0.00  30.40
nvme0n1           0.00     0.00 127652.00 89954.00   498.64   351.39     8.00     0.51    0.03    0.03    0.03   0.00  28.80
nvme0n1           0.00     0.00 127085.00 89266.00   496.43   348.69     8.00     0.59    0.03    0.03    0.03   0.00  32.80
nvme0n1           0.00     0.00 127550.00 89640.00   498.24   350.16     8.00     0.65    0.03    0.03    0.03   0.00  28.40
nvme0n1           0.00     0.00 128177.00 89460.00   500.69   349.46     8.00     0.57    0.03    0.03    0.03   0.00  31.60
nvme0n1           0.00     3.00 127144.00 89288.00   496.66   348.79     8.00     0.59    0.03    0.03    0.03   0.00  29.60
nvme0n1           0.00     0.00 128317.00 90369.00   501.24   353.00     8.00     0.62    0.03    0.03    0.03   0.00  31.60
nvme0n1           1.00     0.00 127105.00 89454.00   496.51   349.43     8.00     0.64    0.03    0.03    0.03   0.00  34.00
nvme0n1           0.00     0.00 127123.00 89496.00   496.57   349.60     8.00     0.64    0.03    0.03    0.03   0.00  34.80
nvme0n1           0.00     0.00 127663.00 89897.00   498.68   351.16     8.00     0.63    0.03    0.03    0.03   0.00  33.20
nvme0n1           0.00     3.00 127038.00 89629.00   496.24   350.12     8.00     0.57    0.03    0.02    0.03   0.00  29.60
nvme0n1           0.00     0.00 127638.00 89464.00   498.59   349.47     8.00     0.62    0.03    0.03    0.03   0.00  29.20
nvme0n1           0.00     0.00 127713.00 89857.00   498.88   351.00     8.00     0.56    0.03    0.03    0.03   0.00  32.00
nvme0n1           0.00     0.00 126963.00 89471.00   495.95   349.50     8.00     0.54    0.03    0.02    0.03   0.00  26.40
nvme0n1           0.00     0.00 126951.00 89169.00   495.90   348.32     8.00     0.62    0.03    0.03    0.03   0.00  25.60
nvme0n1           0.00     3.00 127569.00 89519.00   498.32   349.70     8.00     0.61    0.03    0.03    0.03   0.00  30.40
nvme0n1           0.00     0.00 127560.00 88886.00   498.29   347.21     8.00     0.64    0.03    0.03    0.03   0.00  33.60
nvme0n1           0.00     0.00 127092.00 89444.00   496.45   349.39     8.00     0.71    0.03    0.03    0.03   0.00  35.20
nvme0n1           0.00     0.00 126507.00 89410.00   494.17   349.26     8.00     0.56    0.03    0.02    0.03   0.00  31.60
nvme0n1           0.00     0.00 127433.00 89684.00   497.79   350.33     8.00     0.54    0.03    0.03    0.03   0.00  27.60
nvme0n1           0.00     3.00 126936.00 89383.00   495.85   349.16     8.00     0.53    0.03    0.02    0.03   0.00  26.00
nvme0n1           0.00     0.00 127665.00 89615.00   498.69   350.06     8.00     0.48    0.03    0.03    0.03   0.00  29.60
nvme0n1           0.00     0.00 127535.00 89740.00   498.18   350.55     8.00     0.72    0.03    0.03    0.03   0.00  28.80
nvme0n1           0.00     0.00 127046.00 89236.00   496.27   348.58     8.00     0.60    0.03    0.03    0.03   0.00  30.40
nvme0n1           0.00     0.00 128006.00 89879.00   500.02   351.09     8.00     0.49    0.03    0.02    0.03   0.00  26.80
nvme0n1           0.00     3.00 126887.00 89030.00   495.65   347.79     8.00     0.63    0.03    0.03    0.03   0.00  28.40
nvme0n1           0.00     0.00 126060.00 88586.00   492.42   346.04     8.00     0.55    0.03    0.03    0.03   0.00  31.20
nvme0n1           0.00     0.00 127877.00 89790.00   499.52   350.74     8.00     0.60    0.03    0.03    0.03   0.00  30.80
nvme0n1           0.00     0.00 127343.00 89462.00   497.43   349.46     8.00     0.65    0.03    0.03    0.03   0.00  33.20
nvme0n1           0.00     0.00 125920.79 88394.06   491.88   345.29     8.00     0.80    0.03    0.03    0.03   0.00  36.04
nvme0n1           0.00     3.00 127482.00 89692.00   497.98   350.37     8.00     0.56    0.03    0.03    0.03   0.00  30.80
nvme0n1           0.00     0.00 127830.00 89773.00   499.34   350.68     8.00     0.61    0.03    0.03    0.03   0.00  32.40
nvme0n1           0.00     0.00 126446.00 88770.00   493.93   346.75     8.00     0.69    0.03    0.02    0.03   0.00  31.20
nvme0n1           0.00     0.00 127565.00 89136.00   498.30   348.19     8.00     0.75    0.03    0.03    0.03   0.00  34.00
nvme0n1           0.00     0.00 126973.00 89108.00   495.99   348.07     8.00     0.60    0.03    0.03    0.03   0.00  30.40
nvme0n1           0.00     3.00 127427.00 89228.00   497.76   348.56     8.00     0.55    0.03    0.03    0.03   0.00  29.60
nvme0n1           0.00     0.00 127729.00 89391.00   498.95   349.18     8.00     0.64    0.03    0.03    0.03   0.00  33.60
nvme0n1           0.00     0.00 127802.00 89573.00   499.22   349.89     8.00     0.74    0.03    0.03    0.03   0.00  34.80
nvme0n1           0.00     0.00 127073.00 89798.00   496.38   350.78     8.00     0.50    0.03    0.02    0.03   0.00  24.80
nvme0n1           0.00     0.00 126399.00 89049.00   493.75   347.84     8.00     0.56    0.03    0.03    0.03   0.00  32.80
nvme0n1           0.00     3.00 127603.00 89458.00   498.45   349.46     8.00     0.59    0.03    0.02    0.03   0.00  26.80
nvme0n1           0.00     0.00 127375.00 89318.00   497.56   348.90     8.00     0.58    0.03    0.03    0.02   0.00  30.40
nvme0n1           0.00     0.00 127594.00 89994.00   498.41   351.54     8.00     0.82    0.03    0.03    0.03   0.00  36.80
nvme0n1           0.00     0.00 127584.00 89375.00   498.37   349.12     8.00     0.62    0.03    0.03    0.03   0.00  31.60
nvme0n1           0.00     0.00 127078.00 89290.00   496.40   348.79     8.00     0.62    0.03    0.03    0.03   0.00  32.00
nvme0n1           0.00     3.00 128145.00 89885.00   500.57   351.12     8.00     0.54    0.03    0.02    0.03   0.00  27.60
nvme0n1           0.00     0.00 126610.00 88992.00   494.57   347.62     8.00     0.52    0.03    0.03    0.03   0.00  26.40
nvme0n1           0.00     0.00 126948.00 89259.00   495.89   348.67     8.00     0.74    0.03    0.03    0.03   0.00  31.20
nvme0n1           0.00     0.00 127842.00 90007.00   499.39   351.59     8.00     0.64    0.03    0.02    0.03   0.00  33.60
nvme0n1           0.00     0.00 127278.00 89360.00   497.18   349.06     8.00     0.69    0.03    0.03    0.03   0.00  33.60
nvme0n1           0.00     3.00 127289.00 89597.00   497.23   350.00     8.00     0.59    0.03    0.03    0.03   0.00  28.40
nvme0n1           0.00     0.00 127295.00 89660.00   497.24   350.23     8.00     0.68    0.03    0.03    0.03   0.00  38.40
nvme0n1           0.00     0.00 127476.00 89782.00   497.95   350.71     8.00     0.53    0.03    0.03    0.03   0.00  28.00
nvme0n1           0.00     0.00 126447.00 88765.00   493.93   346.74     8.00     0.64    0.03    0.03    0.03   0.00  29.20
nvme0n1           0.00     0.00 126653.00 88751.00   494.74   346.69     8.00     0.60    0.03    0.03    0.03   0.00  29.20
nvme0n1           0.00     3.00 127511.00 89477.00   498.09   349.53     8.00     0.61    0.03    0.03    0.03   0.00  31.60
nvme0n1           0.00     0.00 127070.00 89171.00   496.37   348.32     8.00     0.57    0.03    0.03    0.03   0.00  34.80
nvme0n1           0.00     0.00 127279.00 89463.00   497.18   349.46     8.00     0.74    0.03    0.03    0.03   0.00  32.40
nvme0n1           0.00     0.00 126950.00 89348.00   495.90   349.02     8.00     0.56    0.03    0.03    0.03   0.00  30.80
nvme0n1           0.00     0.00 127692.00 89478.00   498.79   349.52     8.00     0.53    0.03    0.03    0.02   0.00  25.20
nvme0n1           0.00     3.00 127083.00 89558.00   496.42   349.84     8.00     0.53    0.03    0.03    0.03   0.00  28.00
nvme0n1           0.00     0.00 127687.00 89316.00   498.78   348.89     8.00     0.47    0.03    0.02    0.03   0.00  25.60
nvme0n1           0.00     0.00 127440.00 89995.00   497.81   351.54     8.00     0.51    0.03    0.03    0.03   0.00  27.20
nvme0n1           0.00     0.00 126544.00 88841.00   494.31   347.04     8.00     0.59    0.03    0.03    0.03   0.00  30.40
nvme0n1           0.00     0.00 126763.00 88794.00   495.17   346.85     8.00     0.67    0.03    0.03    0.03   0.00  34.00
nvme0n1           0.00     3.00 127535.00 89791.00   498.18   350.76     8.00     0.68    0.03    0.03    0.03   0.00  32.80
nvme0n1           0.00     0.00 127669.00 89893.00   498.71   351.14     8.00     0.68    0.03    0.03    0.03   0.00  32.40
nvme0n1           0.00     0.00 126926.00 89391.00   495.80   349.19     8.00     0.65    0.03    0.03    0.03   0.00  34.00
nvme0n1           0.00     0.00 127631.00 90081.00   498.56   351.88     8.00     0.68    0.03    0.03    0.03   0.00  31.20
nvme0n1           1.00     0.00 127077.00 89558.00   496.40   349.84     8.00     0.71    0.03    0.03    0.03   0.00  32.40
nvme0n1           0.00     3.00 126512.00 89036.00   494.19   347.81     8.00     0.54    0.03    0.03    0.03   0.00  30.40
nvme0n1           0.00     0.00 127013.00 89156.00   496.14   348.27     8.00     0.58    0.03    0.02    0.03   0.00  31.20
nvme0n1           0.00     0.00 127422.00 89550.00   497.74   349.80     8.00     0.62    0.03    0.03    0.03   0.00  32.40
nvme0n1           0.00     0.00 126736.00 89105.00   495.07   348.07     8.00     0.55    0.03    0.02    0.03   0.00  28.40
nvme0n1           0.00     0.00 127431.00 89412.00   497.77   349.27     8.00     0.59    0.03    0.02    0.03   0.00  36.40
nvme0n1           0.00     3.00 127085.00 89592.00   496.43   349.98     8.00     0.70    0.03    0.03    0.03   0.00  30.40
nvme0n1           0.00     0.00 126932.00 89415.00   495.83   349.28     8.00     0.47    0.03    0.02    0.03   0.00  25.60
nvme0n1           0.00     0.00 126965.00 89136.00   495.96   348.19     8.00     0.53    0.03    0.03    0.03   0.00  31.20
nvme0n1           0.00     0.00 126866.00 88919.00   495.57   347.34     8.00     0.60    0.03    0.02    0.03   0.00  31.20
nvme0n1           0.00     0.00 127877.00 89714.00   499.52   350.45     8.00     0.59    0.03    0.03    0.03   0.00  29.20
nvme0n1           0.00     3.00 127944.00 90068.00   499.79   351.84     8.00     0.50    0.03    0.03    0.03   0.00  30.80
nvme0n1           0.00     0.00 127557.00 89547.00   498.27   349.79     8.00     0.53    0.03    0.03    0.03   0.00  27.20
nvme0n1           0.00     0.00 128310.00 90121.00   501.21   352.04     8.00     0.61    0.03    0.03    0.03   0.00  26.80
nvme0n1           0.00     0.00 127277.00 89717.00   497.17   350.46     8.00     0.59    0.03    0.03    0.03   0.00  28.40
nvme0n1           0.00     0.00 126599.00 89466.00   494.53   349.48     8.00     0.61    0.03    0.03    0.03   0.00  29.60
nvme0n1           0.00     3.00 127218.00 89643.00   496.94   350.18     8.00     0.65    0.03    0.03    0.03   0.00  32.80
nvme0n1           0.00     0.00 127625.00 89913.00   498.54   351.22     8.00     0.56    0.03    0.03    0.03   0.00  33.20
nvme0n1           0.00     0.00 125955.00 88767.00   492.01   346.75     8.00     0.57    0.03    0.03    0.03   0.00  30.40
nvme0n1           0.00     0.00 126303.00 88932.00   493.38   347.39     8.00     0.58    0.03    0.03    0.03   0.00  34.00
nvme0n1           0.00     0.00 127877.00 89482.00   499.52   349.54     8.00     0.62    0.03    0.03    0.03   0.00  28.80
nvme0n1           0.00     3.00 127000.00 89076.00   496.09   347.96     8.00     0.60    0.03    0.03    0.03   0.00  34.00
nvme0n1           0.00     0.00 126908.00 89213.00   495.73   348.49     8.00     0.63    0.03    0.03    0.03   0.00  26.80
nvme0n1           0.00     0.00 127503.00 89680.00   498.06   350.31     8.00     0.65    0.03    0.03    0.03   0.00  31.20
nvme0n1           0.00     0.00 126436.00 88647.00   493.89   346.28     8.00     0.55    0.03    0.03    0.03   0.00  29.20
nvme0n1           0.00     0.00 127119.00 89339.00   496.56   348.98     8.00     0.48    0.03    0.02    0.03   0.00  23.60
nvme0n1           0.00     3.00 126908.00 89684.00   495.73   350.34     8.00     0.54    0.03    0.03    0.03   0.00  28.00
nvme0n1           0.00     0.00 125986.00 88456.00   492.13   345.53     8.00     0.70    0.03    0.03    0.03   0.00  26.00
nvme0n1           0.00     0.00 127328.00 89842.00   497.38   350.95     8.00     0.60    0.03    0.03    0.03   0.00  31.20
nvme0n1           0.00     0.00 127293.00 89616.00   497.24   350.06     8.00     0.52    0.03    0.03    0.03   0.00  30.40
nvme0n1           0.00     0.00 127092.00 89108.00   496.45   348.08     8.00     0.59    0.03    0.03    0.03   0.00  28.80
nvme0n1           0.00     3.00 127857.00 89547.00   499.44   349.81     8.00     0.63    0.03    0.03    0.03   0.00  28.80
nvme0n1           0.00     0.00 127716.00 89599.00   498.89   350.00     8.00     0.69    0.03    0.02    0.03   0.00  36.80
nvme0n1           0.00     0.00 126329.70 88679.21   493.48   346.40     8.00     0.60    0.03    0.03    0.03   0.00  27.72
nvme0n1           0.00     0.00 127464.00 89525.00   497.90   349.71     8.00     0.55    0.03    0.03    0.03   0.00  32.00
nvme0n1           0.00     0.00 127454.00 89575.00   497.87   349.90     8.00     0.60    0.03    0.03    0.03   0.00  34.80
nvme0n1           0.00     3.00 126271.00 88924.00   493.24   347.38     8.00     0.56    0.03    0.02    0.03   0.00  24.00
nvme0n1           0.00     0.00 127515.00 89729.00   498.11   350.50     8.00     0.46    0.03    0.02    0.03   0.00  23.60
nvme0n1           0.00     0.00 127828.00 89481.00   499.33   349.53     8.00     0.71    0.03    0.03    0.03   0.00  33.60
nvme0n1           0.00     0.00 127011.00 89073.00   496.14   347.95     8.00     0.59    0.03    0.03    0.03   0.00  30.00
nvme0n1           0.00     0.00 127308.00 89598.00   497.30   349.99     8.00     0.50    0.03    0.03    0.03   0.00  24.80
nvme0n1           0.00     3.00 126863.00 89373.00   495.56   349.12     8.00     0.53    0.03    0.03    0.03   0.00  28.40
nvme0n1           0.00     0.00 126218.00 88938.00   493.04   347.42     8.00     0.68    0.03    0.03    0.03   0.00  26.80
nvme0n1           0.00     0.00 127724.00 89526.00   498.92   349.71     8.00     0.62    0.03    0.03    0.03   0.00  31.20
nvme0n1           0.00     0.00 127575.00 89916.00   498.34   351.23     8.00     0.57    0.03    0.03    0.03   0.00  29.60
nvme0n1           0.00     0.00 127438.00 89351.00   497.80   349.03     8.00     0.62    0.03    0.03    0.03   0.00  29.20
nvme0n1           0.00     3.00 127526.00 89620.00   498.15   350.09     8.00     0.68    0.03    0.02    0.03   0.00  36.80
nvme0n1           0.00     0.00 127534.00 89876.00   498.18   351.08     8.00     0.54    0.03    0.03    0.03   0.00  31.20
nvme0n1           0.00     0.00 127613.00 89804.00   498.49   350.80     8.00     0.62    0.03    0.03    0.03   0.00  32.40
nvme0n1           0.00     0.00 127598.00 89606.00   498.43   350.02     8.00     0.55    0.03    0.03    0.03   0.00  31.20
nvme0n1           0.00     0.00 128169.00 90003.00   500.66   351.57     8.00     0.52    0.03    0.03    0.03   0.00  28.00
nvme0n1           0.00     3.00 126520.00 88859.00   494.22   347.12     8.00     0.53    0.03    0.02    0.03   0.00  26.00
nvme0n1           0.00     0.00 127513.00 89561.00   498.09   349.85     8.00     0.55    0.03    0.03    0.03   0.00  28.00
nvme0n1           0.00     0.00 126693.00 88372.00   494.89   345.20     8.00     0.60    0.03    0.03    0.03   0.00  30.80
nvme0n1           0.00     0.00 127149.00 89316.00   496.68   348.89     8.00     0.59    0.03    0.03    0.03   0.00  26.40
nvme0n1           0.00     0.00 127706.00 89656.00   498.85   350.22     8.00     0.59    0.03    0.03    0.03   0.00  27.60
nvme0n1           0.00     3.00 127240.00 89713.00   497.03   350.45     8.00     0.50    0.03    0.02    0.03   0.00  27.20
nvme0n1           0.00     0.00 127350.00 89114.00   497.46   348.10     8.00     0.60    0.03    0.03    0.03   0.00  31.60
nvme0n1           0.00     0.00 127622.00 89545.00   498.52   349.79     8.00     0.56    0.03    0.03    0.03   0.00  29.20
nvme0n1           0.00     0.00 126811.00 89224.00   495.36   348.53     8.00     0.56    0.03    0.03    0.03   0.00  24.40
nvme0n1           0.00     0.00 126824.00 89672.00   495.40   350.28     8.00     0.62    0.03    0.03    0.03   0.00  30.40
nvme0n1           0.00     3.00 127234.00 89460.00   497.01   349.46     8.00     0.69    0.03    0.03    0.03   0.00  29.60
nvme0n1           0.00     0.00 126193.00 89154.00   492.94   348.26     8.00     0.53    0.03    0.03    0.03   0.00  27.60
nvme0n1           0.00     0.00 127209.00 89229.00   496.91   348.55     8.00     0.61    0.03    0.03    0.03   0.00  32.00
nvme0n1           0.00     0.00 127674.00 89272.00   498.72   348.72     8.00     0.66    0.03    0.03    0.03   0.00  32.00
nvme0n1           0.00     0.00 127053.00 89503.00   496.30   349.62     8.00     0.64    0.03    0.03    0.03   0.00  35.60
nvme0n1           0.00     3.00 126832.00 89165.00   495.44   348.31     8.00     0.53    0.03    0.03    0.03   0.00  28.00
nvme0n1           0.00     0.00 127660.00 89873.00   498.68   351.07     8.00     0.56    0.03    0.03    0.03   0.00  30.00
nvme0n1           0.00     0.00 127379.00 89320.00   497.57   348.91     8.00     0.62    0.03    0.03    0.03   0.00  32.40
nvme0n1           0.00     0.00 127481.00 89514.00   497.97   349.67     8.00     0.67    0.03    0.03    0.03   0.00  30.40
nvme0n1           0.00     0.00 127577.00 89616.00   498.35   350.06     8.00     0.43    0.03    0.03    0.03   0.00  26.80
nvme0n1           0.00     3.00 127230.00 89452.00   496.99   349.43     8.00     0.54    0.03    0.03    0.03   0.00  28.80
nvme0n1           0.00     0.00 127044.00 89320.00   496.27   348.91     8.00     0.59    0.03    0.03    0.03   0.00  29.60
nvme0n1           0.00     0.00 127286.00 89639.00   497.21   350.15     8.00     0.62    0.03    0.03    0.03   0.00  34.80
nvme0n1           0.00     0.00 126074.00 89287.00   492.47   348.78     8.00     0.62    0.03    0.03    0.03   0.00  28.00
nvme0n1           0.00     0.00 127169.00 89601.00   496.75   350.00     8.00     0.57    0.03    0.03    0.03   0.00  29.20
nvme0n1           0.00     3.00 127601.00 89656.00   498.44   350.23     8.00     0.53    0.03    0.03    0.03   0.00  28.40
nvme0n1           0.00     0.00 127062.00 89187.00   496.34   348.39     8.00     0.60    0.03    0.03    0.03   0.00  32.00
nvme0n1           0.00     0.00 127452.00 89395.00   497.86   349.20     8.00     0.51    0.03    0.03    0.03   0.00  25.20
nvme0n1           0.00     0.00 128083.00 90165.00   500.32   352.21     8.00     0.61    0.03    0.03    0.03   0.00  28.80
nvme0n1           0.00     0.00 127338.00 89377.00   497.41   349.13     8.00     0.55    0.03    0.03    0.03   0.00  30.40
nvme0n1           0.00     3.00 127095.00 89137.00   496.46   348.20     8.00     0.60    0.03    0.03    0.03   0.00  31.60
nvme0n1           0.00     0.00 127489.00 89373.00   498.00   349.11     8.00     0.53    0.03    0.03    0.03   0.00  30.00
nvme0n1           0.00     0.00 126934.00 88946.00   495.84   347.45     8.00     0.58    0.03    0.03    0.03   0.00  30.80
nvme0n1           0.00     0.00 127223.00 89886.00   496.96   351.12     8.00     0.62    0.03    0.03    0.03   0.00  31.20
nvme0n1           0.00     0.00 127451.00 89615.00   497.86   350.06     8.00     0.68    0.03    0.03    0.03   0.00  34.00
nvme0n1           0.00     3.00 126936.00 89244.00   495.84   348.62     8.00     0.56    0.03    0.03    0.03   0.00  29.60
nvme0n1           0.00     0.00 126801.00 89360.00   495.32   349.06     8.00     0.63    0.03    0.03    0.03   0.00  30.40
nvme0n1           0.00     0.00 126838.00 88781.00   495.46   346.80     8.00     0.63    0.03    0.03    0.03   0.00  26.80
nvme0n1           0.00     0.00 126781.00 89028.00   495.24   347.77     8.00     0.50    0.03    0.03    0.03   0.00  24.80
nvme0n1           0.00     0.00 127155.00 89245.00   496.70   348.61     8.00     0.58    0.03    0.03    0.03   0.00  30.80
nvme0n1           1.00     3.00 127995.00 90247.00   499.98   352.54     8.00     0.60    0.03    0.03    0.03   0.00  32.40
nvme0n1           0.00     0.00 127129.00 89188.00   496.60   348.39     8.00     0.56    0.03    0.03    0.03   0.00  30.00
nvme0n1           0.00     0.00 127321.00 89592.00   497.34   349.97     8.00     0.52    0.03    0.03    0.03   0.00  28.80
nvme0n1           0.00     0.00 127350.00 89340.00   497.46   348.98     8.00     0.63    0.03    0.02    0.03   0.00  31.60
nvme0n1           0.00     0.00 127459.00 89694.00   497.89   350.37     8.00     0.64    0.03    0.03    0.03   0.00  27.60
nvme0n1           0.00     3.00 127404.00 90320.00   497.67   352.82     8.00     0.58    0.03    0.03    0.03   0.00  31.20
nvme0n1           0.00     0.00 127526.00 89592.00   498.15   349.97     8.00     0.56    0.03    0.03    0.03   0.00  28.80
nvme0n1           0.00     0.00 126979.00 89372.00   496.01   349.11     8.00     0.74    0.03    0.03    0.03   0.00  32.00
nvme0n1           0.00     0.00 127099.00 89304.00   496.48   348.84     8.00     0.65    0.03    0.02    0.03   0.00  33.60
nvme0n1           0.00     0.00 127366.00 89276.00   497.52   348.73     8.00     0.56    0.03    0.03    0.03   0.00  26.80
nvme0n1           0.00     3.00 126252.00 88980.00   493.18   347.59     8.00     0.56    0.03    0.03    0.03   0.00  31.20
nvme0n1           0.00     0.00 127773.00 89963.00   499.11   351.42     8.00     0.70    0.03    0.03    0.03   0.00  30.80
nvme0n1           0.00     0.00 127236.00 89745.00   497.02   350.57     8.00     0.56    0.03    0.03    0.03   0.00  24.80
nvme0n1           0.00     0.00 126690.00 89066.00   494.88   347.91     8.00     0.54    0.03    0.03    0.03   0.00  30.00
nvme0n1           0.00     0.00 126438.61 89038.61   493.91   347.81     8.00     0.53    0.03    0.02    0.03   0.00  29.31
nvme0n1           0.00     3.00 127052.00 89347.00   496.29   349.02     8.00     0.65    0.03    0.03    0.02   0.00  34.40
nvme0n1           0.00     0.00 126375.00 89331.00   493.65   348.95     8.00     0.55    0.03    0.03    0.03   0.00  26.00
nvme0n1           1.00     0.00 127943.00 89858.00   499.78   351.01     8.00     0.67    0.03    0.03    0.03   0.00  28.00
nvme0n1           0.00     0.00 126584.00 89198.00   494.47   348.43     8.00     0.54    0.03    0.03    0.03   0.00  28.00
nvme0n1           0.00     0.00 126800.00 89039.00   495.31   347.81     8.00     0.58    0.03    0.03    0.03   0.00  34.40
nvme0n1           0.00     3.00 127213.00 89472.00   496.93   349.51     8.00     0.70    0.03    0.03    0.03   0.00  36.00
nvme0n1           0.00     0.00 126920.00 89485.00   495.78   349.55     8.00     0.64    0.03    0.03    0.03   0.00  30.80
nvme0n1           0.00     0.00 127155.00 89769.00   496.70   350.66     8.00     0.64    0.03    0.03    0.03   0.00  31.60
nvme0n1           0.00     0.00 127213.00 89314.00   496.93   348.89     8.00     0.65    0.03    0.03    0.03   0.00  36.80
nvme0n1           0.00     0.00 127046.00 88931.00   496.27   347.38     8.00     0.57    0.03    0.03    0.03   0.00  28.00
nvme0n1           0.00     3.00 127302.00 89152.00   497.27   348.26     8.00     0.60    0.03    0.03    0.03   0.00  30.80
nvme0n1           0.00     0.00 126316.00 89280.00   493.42   348.75     8.00     0.60    0.03    0.03    0.03   0.00  28.40
nvme0n1           0.00     0.00 126821.00 89269.00   495.39   348.71     8.00     0.49    0.03    0.03    0.02   0.00  30.40
nvme0n1           0.00     0.00 128019.00 89538.00   500.07   349.76     8.00     0.64    0.03    0.03    0.03   0.00  32.40
nvme0n1           0.00     0.00 127267.00 89175.00   497.14   348.34     8.00     0.49    0.03    0.03    0.03   0.00  27.60
nvme0n1           0.00     3.00 126131.00 88686.00   492.70   346.44     8.00     0.68    0.03    0.03    0.03   0.00  35.20
nvme0n1           0.00     0.00 126809.00 89324.00   495.34   348.92     8.00     0.85    0.03    0.03    0.03   0.00  33.20
nvme0n1           0.00     0.00 127184.00 89471.00   496.81   349.50     8.00     0.64    0.03    0.03    0.03   0.00  32.00
nvme0n1           0.00     0.00 126242.00 88864.00   493.14   347.12     8.00     0.63    0.03    0.03    0.03   0.00  27.20
nvme0n1           0.00     0.00 127307.00 89458.00   497.29   349.45     8.00     0.52    0.03    0.03    0.03   0.00  28.80
nvme0n1           0.00     3.00 127936.00 89977.00   499.75   351.48     8.00     0.66    0.03    0.03    0.03   0.00  33.20
nvme0n1           0.00     0.00 127022.00 89249.00   496.18   348.63     8.00     0.70    0.03    0.03    0.03   0.00  33.60
nvme0n1           0.00     0.00 126676.00 89163.00   494.83   348.29     8.00     0.60    0.03    0.03    0.03   0.00  30.00
nvme0n1           0.00     0.00 127145.00 89705.00   496.66   350.41     8.00     0.56    0.03    0.03    0.03   0.00  34.00
nvme0n1           0.00     0.00 127247.00 89235.00   497.06   348.57     8.00     0.58    0.03    0.03    0.03   0.00  27.60
nvme0n1           0.00     3.00 127003.00 89337.00   496.10   348.99     8.00     0.76    0.03    0.03    0.03   0.00  38.80
nvme0n1           0.00     0.00 127591.00 89825.00   498.41   350.88     8.00     0.62    0.03    0.03    0.03   0.00  30.40
nvme0n1           0.00     0.00 126693.00 89304.00   494.89   348.84     8.00     0.54    0.03    0.03    0.03   0.00  30.40
nvme0n1           0.00     0.00 127243.00 89445.00   497.05   349.39     8.00     0.68    0.03    0.03    0.03   0.00  26.80
nvme0n1           0.00     0.00 126912.00 89583.00   495.75   349.93     8.00     0.75    0.03    0.03    0.03   0.00  32.80
nvme0n1           0.00     3.00 127664.00 89609.00   498.69   350.05     8.00     0.57    0.03    0.03    0.03   0.00  31.20
nvme0n1           0.00     0.00 128005.00 89625.00   500.02   350.10     8.00     0.65    0.03    0.03    0.03   0.00  32.40
nvme0n1           0.00     0.00 127265.00 89271.00   497.13   348.71     8.00     0.53    0.03    0.02    0.03   0.00  30.40
nvme0n1           0.00     0.00 126832.00 89167.00   495.44   348.31     8.00     0.54    0.03    0.03    0.03   0.00  30.80
nvme0n1           0.00     0.00 127693.00 89631.00   498.80   350.13     8.00     0.62    0.03    0.03    0.03   0.00  30.40
nvme0n1           0.00     3.00 127918.00 89651.00   499.68   350.20     8.00     0.66    0.03    0.03    0.03   0.00  32.00
nvme0n1           0.00     0.00 127228.00 89365.00   496.98   349.09     8.00     0.56    0.03    0.03    0.03   0.00  29.20
nvme0n1           0.00     0.00 126986.00 89292.00   496.04   348.80     8.00     0.49    0.03    0.03    0.03   0.00  27.20
nvme0n1           0.00     0.00 127309.00 89770.00   497.30   350.66     8.00     0.66    0.03    0.03    0.03   0.00  30.00
nvme0n1           0.00     0.00 126418.00 89175.00   493.82   348.34     8.00     0.46    0.03    0.03    0.03   0.00  27.60
nvme0n1           0.00     3.00 127190.00 89611.00   496.84   350.05     8.00     0.77    0.03    0.03    0.03   0.00  36.00
nvme0n1           0.00     0.00 126807.00 88966.00   495.34   347.52     8.00     0.54    0.03    0.03    0.03   0.00  33.20
nvme0n1           0.00     0.00 126756.00 89380.00   495.14   349.14     8.00     0.44    0.03    0.03    0.03   0.00  24.40
nvme0n1           0.00     0.00 128354.00 90120.00   501.38   352.03     8.00     0.59    0.03    0.03    0.03   0.00  30.00
nvme0n1           0.00     0.00 127674.00 89544.00   498.73   349.78     8.00     0.70    0.03    0.03    0.03   0.00  35.60
nvme0n1           0.00     3.00 126952.00 89155.00   495.90   348.28     8.00     0.63    0.03    0.03    0.03   0.00  25.60
nvme0n1           0.00     0.00 127755.00 90057.00   499.04   351.78     8.00     0.57    0.03    0.03    0.03   0.00  26.80
nvme0n1           0.00     0.00 126880.00 89049.00   495.62   347.85     8.00     0.58    0.03    0.03    0.03   0.00  28.00
nvme0n1           0.00     0.00 127167.00 89118.00   496.75   348.12     8.00     0.57    0.03    0.02    0.03   0.00  32.80
nvme0n1           0.00     0.00 127195.00 89717.00   496.86   350.45     8.00     0.44    0.03    0.03    0.03   0.00  23.60
nvme0n1           0.00     3.00 127568.00 89028.00   498.31   347.78     8.00     0.86    0.03    0.03    0.03   0.00  36.40
nvme0n1           0.00     0.00 126774.00 89326.00   495.21   348.93     8.00     0.59    0.03    0.03    0.03   0.00  29.60
nvme0n1           0.00     0.00 127056.00 89817.00   496.31   350.85     8.00     0.64    0.03    0.03    0.03   0.00  30.40
nvme0n1           0.00     0.00 126762.00 89056.00   495.16   347.88     8.00     0.52    0.03    0.03    0.03   0.00  29.60
nvme0n1           0.00     0.00 127835.00 89987.00   499.36   351.51     8.00     0.62    0.03    0.03    0.03   0.00  29.60
nvme0n1           0.00     3.00 127863.00 89555.00   499.46   349.84     8.00     0.62    0.03    0.03    0.03   0.00  33.60
nvme0n1           0.00     0.00 127040.00 89421.00   496.25   349.30     8.00     0.82    0.03    0.03    0.03   0.00  34.40
nvme0n1           0.00     0.00 127710.00 89668.00   498.87   350.27     8.00     0.68    0.03    0.03    0.03   0.00  32.40
nvme0n1           0.00     0.00 127163.00 89237.00   496.73   348.59     8.00     0.65    0.03    0.03    0.03   0.00  33.60
nvme0n1           0.00     0.00 126912.00 89181.00   495.75   348.36     8.00     0.66    0.03    0.03    0.03   0.00  28.40
nvme0n1           0.00     3.00 127994.00 89579.00   499.97   349.93     8.00     0.51    0.03    0.03    0.03   0.00  27.60
nvme0n1           0.00     0.00 126983.00 89334.00   496.03   348.96     8.00     0.55    0.03    0.03    0.03   0.00  30.00
nvme0n1           1.00     1.00 126358.00 88571.00   493.59   345.98     8.00     0.59    0.03    0.03    0.03   0.00  28.40
nvme0n1           0.00     0.00 127421.00 89539.00   497.74   349.77     8.00     0.60    0.03    0.03    0.03   0.00  33.20
nvme0n1           0.00     0.00 126725.00 88751.00   495.02   346.68     8.00     0.65    0.03    0.03    0.03   0.00  34.40
nvme0n1           0.00     3.00 127143.00 89411.00   496.65   349.27     8.00     0.62    0.03    0.03    0.03   0.00  34.40
nvme0n1           0.00     0.00 127559.00 89664.00   498.28   350.25     8.00     0.53    0.03    0.03    0.02   0.00  30.00
nvme0n1           1.00     0.00 127757.00 89978.00   499.05   351.47     8.00     0.58    0.03    0.03    0.03   0.00  33.20
nvme0n1           0.00     0.00 126725.00 89244.00   495.02   348.61     8.00     0.55    0.03    0.03    0.03   0.00  25.20
nvme0n1           0.00     0.00 127296.00 89711.00   497.25   350.44     8.00     0.52    0.03    0.03    0.03   0.00  26.80
nvme0n1           0.00     3.00 127041.00 89337.00   496.25   348.98     8.00     0.66    0.03    0.03    0.03   0.00  32.40
nvme0n1           0.00     0.00 126045.00 88907.00   492.36   347.29     8.00     0.72    0.03    0.03    0.03   0.00  37.20
nvme0n1           1.00     0.00 127207.00 89592.00   496.91   349.97     8.00     0.78    0.03    0.03    0.03   0.00  30.80
nvme0n1           0.00     0.00 127010.00 89269.00   496.13   348.71     8.00     0.64    0.03    0.03    0.03   0.00  32.00
nvme0n1           0.00     0.00 125682.18 88575.25   490.95   345.99     8.00     0.55    0.03    0.03    0.03   0.00  28.51
nvme0n1           0.00     3.00 127348.00 89227.00   497.45   348.55     8.00     0.61    0.03    0.03    0.03   0.00  28.40
nvme0n1           0.00     0.00 127120.00 89205.00   496.56   348.46     8.00     0.62    0.03    0.03    0.03   0.00  32.40
nvme0n1           0.00     0.00 126495.00 89145.00   494.12   348.22     8.00     0.70    0.03    0.03    0.03   0.00  32.80
nvme0n1           0.00     0.00 127344.00 88921.00   497.44   347.35     8.00     0.51    0.03    0.03    0.03   0.00  24.40
nvme0n1           0.00     0.00 127017.00 89250.00   496.16   348.63     8.00     0.84    0.03    0.03    0.03   0.00  37.20
nvme0n1           0.00     3.00 126918.00 88799.00   495.77   346.88     8.00     0.61    0.03    0.03    0.03   0.00  29.60
nvme0n1           0.00     0.00 127371.00 89444.00   497.54   349.39     8.00     0.59    0.03    0.03    0.03   0.00  30.40
nvme0n1           0.00     0.00 126744.00 88752.00   495.10   346.69     8.00     0.72    0.03    0.02    0.03   0.00  36.40
nvme0n1           0.00     0.00 127092.00 89520.00   496.45   349.70     8.00     0.61    0.03    0.03    0.02   0.00  31.20
nvme0n1           0.00     0.00 126808.00 89491.00   495.35   349.57     8.00     0.66    0.03    0.03    0.03   0.00  32.80
nvme0n1           0.00     3.00 127593.00 89700.00   498.41   350.40     8.00     0.60    0.03    0.03    0.03   0.00  31.60
nvme0n1           0.00     0.00 126765.00 88880.00   495.18   347.19     8.00     0.55    0.03    0.03    0.03   0.00  28.40
nvme0n1           0.00     0.00 126199.00 88983.00   492.96   347.59     8.00     0.65    0.03    0.03    0.03   0.00  28.00
nvme0n1           0.00     0.00 127327.00 89720.00   497.37   350.47     8.00     0.60    0.03    0.03    0.03   0.00  30.00
nvme0n1           0.00     0.00 127184.00 89461.00   496.81   349.46     8.00     0.54    0.03    0.03    0.03   0.00  28.80
nvme0n1           0.00     3.00 127466.00 89206.00   497.91   348.47     8.00     0.62    0.03    0.02    0.03   0.00  30.40
nvme0n1           0.00     0.00 126842.00 89504.00   495.48   349.62     8.00     0.65    0.03    0.03    0.03   0.00  33.60
nvme0n1           0.00     0.00 127267.00 89634.00   497.13   350.13     8.00     0.58    0.03    0.03    0.03   0.00  30.00
nvme0n1           0.00     0.00 127599.00 89669.00   498.43   350.27     8.00     0.63    0.03    0.03    0.03   0.00  30.80
nvme0n1           1.00     0.00 126708.00 89303.00   494.96   348.85     8.00     0.52    0.03    0.03    0.03   0.00  29.20
nvme0n1           0.00     3.00 127822.00 89707.00   499.30   350.42     8.00     0.67    0.03    0.03    0.03   0.00  30.00
nvme0n1           0.00     0.00 127645.00 89627.00   498.62   350.11     8.00     0.68    0.03    0.03    0.03   0.00  36.00
nvme0n1           0.00     0.00 127542.00 89644.00   498.21   350.17     8.00     0.61    0.03    0.03    0.03   0.00  32.80
nvme0n1           0.00     0.00 127489.00 89493.00   498.00   349.58     8.00     0.75    0.03    0.03    0.03   0.00  34.00
nvme0n1           0.00     0.00 127480.00 89589.00   497.97   349.96     8.00     0.61    0.03    0.03    0.03   0.00  32.40
nvme0n1           0.00     3.00 126988.00 88979.00   496.05   347.58     8.00     0.58    0.03    0.03    0.03   0.00  31.20
nvme0n1           0.00     0.00 127572.00 89825.00   498.33   350.88     8.00     0.69    0.03    0.03    0.03   0.00  29.20
nvme0n1           0.00     1.00 127888.00 89833.00   499.56   350.91     8.00     0.66    0.03    0.03    0.03   0.00  29.20
nvme0n1           0.00     0.00 126811.00 89164.00   495.36   348.30     8.00     0.64    0.03    0.03    0.03   0.00  34.40
nvme0n1           0.00     0.00 127659.00 89727.00   498.67   350.50     8.00     0.69    0.03    0.03    0.03   0.00  26.40
nvme0n1           0.00     3.00 127286.00 89337.00   497.21   348.99     8.00     0.67    0.03    0.02    0.03   0.00  34.80
nvme0n1           0.00     0.00 126223.00 88873.00   493.06   347.16     8.00     0.58    0.03    0.03    0.03   0.00  29.60
nvme0n1           0.00     0.00 127777.00 89642.00   499.13   350.16     8.00     0.66    0.03    0.03    0.03   0.00  31.60
nvme0n1           0.00     0.00 127661.00 89594.00   498.67   349.98     8.00     0.46    0.02    0.02    0.03   0.00  27.20
nvme0n1           0.00     0.00 127459.00 89293.00   497.89   348.80     8.00     0.51    0.03    0.03    0.03   0.00  27.60
nvme0n1           1.00     3.00 127182.00 89369.00   496.80   349.11     8.00     0.71    0.03    0.03    0.03   0.00  32.00
nvme0n1           0.00     0.00 127635.00 89386.00   498.57   349.17     8.00     0.72    0.03    0.03    0.03   0.00  34.00
nvme0n1           0.00     0.00 126844.00 89190.00   495.48   348.39     8.00     0.45    0.03    0.03    0.03   0.00  22.40
nvme0n1           0.00     0.00 126347.00 88641.00   493.54   346.25     8.00     0.57    0.03    0.02    0.03   0.00  32.00
nvme0n1           0.00     0.00 126965.00 89692.00   495.96   350.36     8.00     0.65    0.03    0.03    0.03   0.00  35.60
nvme0n1           0.00     3.00 126808.00 89209.00   495.34   348.49     8.00     0.42    0.03    0.02    0.03   0.00  22.40
nvme0n1           0.00     0.00 128098.00 89708.00   500.39   350.42     8.00     0.48    0.03    0.03    0.03   0.00  27.60
nvme0n1           0.00     0.00 127450.00 89470.00   497.85   349.49     8.00     0.67    0.03    0.03    0.03   0.00  28.40
nvme0n1           0.00     0.00 127050.00 89295.00   496.29   348.80     8.00     0.54    0.03    0.03    0.03   0.00  29.60
nvme0n1           0.00     0.00 127707.00 89650.00   498.86   350.20     8.00     0.64    0.03    0.03    0.03   0.00  28.40
nvme0n1           0.00     3.00 126756.00 89025.00   495.14   347.76     8.00     0.61    0.03    0.03    0.03   0.00  29.20
nvme0n1           0.00     0.00 126650.00 89042.00   494.73   347.82     8.00     0.56    0.03    0.03    0.03   0.00  25.20
nvme0n1           0.00     0.00 127098.00 89015.00   496.48   347.71     8.00     0.64    0.03    0.03    0.03   0.00  32.40
nvme0n1           0.00     0.00 126850.00 89088.00   495.50   348.00     8.00     0.62    0.03    0.03    0.03   0.00  31.60
nvme0n1           0.00     0.00 127376.00 89863.00   497.56   351.03     8.00     0.68    0.03    0.03    0.03   0.00  30.00
nvme0n1           0.00     3.00 127157.00 89675.00   496.71   350.30     8.00     0.62    0.03    0.03    0.03   0.00  28.80
nvme0n1           0.00     0.00 126909.00 89398.00   495.74   349.21     8.00     0.60    0.03    0.03    0.03   0.00  29.60
nvme0n1           0.00     0.00 127455.00 89227.00   497.87   348.54     8.00     0.46    0.03    0.02    0.03   0.00  29.20
nvme0n1           0.00     0.00 127856.00 89766.00   499.44   350.65     8.00     0.68    0.03    0.03    0.03   0.00  32.80
nvme0n1           0.00     0.00 127171.00 89130.00   496.77   348.16     8.00     0.56    0.03    0.03    0.03   0.00  31.60
nvme0n1           1.00     4.00 127395.00 89470.00   497.64   349.51     8.00     0.54    0.03    0.03    0.03   0.00  24.00
nvme0n1           0.00     0.00 127361.00 89469.00   497.50   349.49     8.00     0.59    0.03    0.03    0.03   0.00  29.60
nvme0n1           0.00     1.00 126196.00 88991.00   492.95   347.62     8.00     0.88    0.03    0.03    0.03   0.00  37.20
nvme0n1           0.00     0.00 127522.00 89503.00   498.13   349.62     8.00     0.52    0.03    0.03    0.02   0.00  28.40
nvme0n1           0.00     0.00 127760.00 90042.00   499.06   351.73     8.00     0.58    0.03    0.03    0.03   0.00  26.80
nvme0n1           0.00     3.00 127017.00 89551.00   496.16   349.82     8.00     0.58    0.03    0.03    0.03   0.00  30.80
nvme0n1           0.00     0.00 127192.00 89511.00   496.84   349.65     8.00     0.62    0.03    0.03    0.03   0.00  28.80
nvme0n1           0.00     0.00 126598.00 89236.00   494.52   348.58     8.00     0.70    0.03    0.03    0.03   0.00  36.80
nvme0n1           0.00     0.00 127353.00 89506.00   497.48   349.63     8.00     0.56    0.03    0.03    0.03   0.00  29.20
nvme0n1           0.00     0.00 127718.00 89450.00   498.89   349.42     8.00     0.63    0.03    0.03    0.03   0.00  28.00
nvme0n1           0.00     3.00 127342.00 89558.00   497.43   349.84     8.00     0.55    0.03    0.03    0.03   0.00  26.80
nvme0n1           0.00     0.00 127068.00 89006.00   496.36   347.68     8.00     0.57    0.03    0.03    0.03   0.00  26.40
nvme0n1           0.00     0.00 127700.00 89282.00   498.83   348.76     8.00     0.65    0.03    0.03    0.03   0.00  33.20
nvme0n1           0.00     0.00 127600.00 89761.00   498.44   350.63     8.00     0.61    0.03    0.03    0.03   0.00  32.40
nvme0n1           0.00     0.00 126708.00 89201.00   494.95   348.45     8.00     0.63    0.03    0.03    0.02   0.00  31.20
nvme0n1           0.00     3.00 127318.00 89665.00   497.34   350.26     8.00     0.61    0.03    0.03    0.03   0.00  32.80
nvme0n1           0.00     0.00 127042.00 89402.00   496.26   349.23     8.00     0.71    0.03    0.03    0.02   0.00  35.60
nvme0n1           0.00     0.00 127296.00 89408.00   497.25   349.25     8.00     0.62    0.03    0.03    0.03   0.00  33.20
nvme0n1           1.00     0.00 127822.00 89749.00   499.31   350.58     8.00     0.51    0.03    0.02    0.03   0.00  26.00
nvme0n1           0.00     0.00 127975.00 89847.00   499.90   350.97     8.00     0.52    0.03    0.02    0.03   0.00  29.20
nvme0n1           0.00     2.97 125199.01 88207.92   489.06   344.57     8.00     0.67    0.03    0.03    0.03   0.00  32.08
nvme0n1           0.00     0.00 127645.00 90341.00   498.61   352.89     8.00     0.65    0.03    0.03    0.03   0.00  36.40
nvme0n1           1.00     0.00 127290.00 89435.00   497.23   349.36     8.00     0.69    0.03    0.03    0.03   0.00  33.60
nvme0n1           0.00     0.00 126815.00 89285.00   495.37   348.77     8.00     0.61    0.03    0.03    0.03   0.00  32.00
nvme0n1           0.00     0.00 128007.00 89991.00   500.03   351.53     8.00     0.53    0.03    0.03    0.03   0.00  28.80
nvme0n1           0.00     3.00 126247.00 88477.00   493.15   345.62     8.00     0.45    0.03    0.03    0.03   0.00  29.20
nvme0n1           0.00     0.00 126552.00 88892.00   494.35   347.23     8.00     0.57    0.03    0.03    0.03   0.00  24.00
nvme0n1           0.00     0.00 127157.00 89277.00   496.70   348.74     8.00     0.57    0.03    0.03    0.03   0.00  31.60
nvme0n1           0.00     0.00 127006.00 89188.00   496.12   348.39     8.00     0.69    0.03    0.03    0.03   0.00  30.40
nvme0n1           0.00     0.00 126548.00 89104.00   494.33   348.06     8.00     0.66    0.03    0.03    0.03   0.00  28.00
nvme0n1           0.00     3.00 127140.00 89291.00   496.64   348.80     8.00     0.67    0.03    0.03    0.03   0.00  33.60
nvme0n1           0.00     0.00 127169.00 89392.00   496.75   349.19     8.00     0.60    0.03    0.02    0.03   0.00  34.00
nvme0n1           0.00     0.00 126621.00 88971.00   494.61   347.54     8.00     0.54    0.03    0.03    0.03   0.00  29.60
nvme0n1           0.00     0.00 127696.00 89879.00   498.81   351.09     8.00     0.59    0.03    0.03    0.03   0.00  36.00
nvme0n1           0.00     0.00 127458.00 89735.00   497.89   350.53     8.00     0.55    0.03    0.03    0.03   0.00  29.20
nvme0n1           0.00     3.00 127142.00 89053.00   496.64   347.88     8.00     0.58    0.03    0.03    0.03   0.00  30.80
nvme0n1           0.00     0.00 127006.00 89655.00   496.12   350.21     8.00     0.67    0.03    0.03    0.03   0.00  34.40
nvme0n1           0.00     0.00 127163.00 89011.00   496.73   347.70     8.00     0.56    0.03    0.03    0.03   0.00  26.80
nvme0n1           0.00     0.00 127278.00 89383.00   497.18   349.15     8.00     0.72    0.03    0.03    0.03   0.00  33.20
nvme0n1           0.00     0.00 127607.00 89594.00   498.46   349.98     8.00     0.62    0.03    0.02    0.03   0.00  31.20
nvme0n1           0.00     3.00 127803.00 89447.00   499.23   349.41     8.00     0.48    0.03    0.03    0.03   0.00  26.80
nvme0n1           0.00     0.00 127447.00 89716.00   497.84   350.45     8.00     0.57    0.03    0.03    0.03   0.00  30.40
nvme0n1           0.00     0.00 127251.00 89402.00   497.07   349.23     8.00     0.72    0.03    0.03    0.03   0.00  30.80
nvme0n1           0.00     0.00 126757.00 89031.00   495.15   347.78     8.00     0.60    0.03    0.03    0.03   0.00  28.40
nvme0n1           0.00     0.00 127460.00 89615.00   497.89   350.06     8.00     0.86    0.03    0.03    0.03   0.00  36.80
nvme0n1           0.00     3.00 127243.00 89530.00   497.04   349.74     8.00     0.50    0.03    0.03    0.03   0.00  28.00
nvme0n1           0.00     0.00 126092.00 88471.00   492.55   345.59     8.00     0.66    0.03    0.03    0.03   0.00  28.40
nvme0n1           0.00     0.00 126812.00 89168.00   495.36   348.31     8.00     0.50    0.03    0.03    0.03   0.00  26.40
nvme0n1           0.00     0.00 127668.00 89957.00   498.70   351.39     8.00     0.53    0.03    0.02    0.03   0.00  28.40
nvme0n1           1.00     0.00 126813.00 89146.00   495.37   348.23     8.00     0.56    0.03    0.03    0.03   0.00  32.80
nvme0n1           0.00     3.00 128063.00 89626.00   500.24   350.11     8.00     0.64    0.03    0.03    0.03   0.00  32.80
nvme0n1           0.00     0.00 128106.00 90126.00   500.41   352.05     8.00     0.89    0.03    0.03    0.03   0.00  34.40
nvme0n1           0.00     0.00 127208.00 89086.00   496.91   347.99     8.00     0.52    0.03    0.03    0.03   0.00  30.80
nvme0n1           0.00     0.00 127201.00 89542.00   496.88   349.77     8.00     0.52    0.03    0.03    0.03   0.00  26.80
nvme0n1           0.00     0.00 126867.00 89120.00   495.57   348.12     8.00     0.71    0.03    0.03    0.03   0.00  37.60
nvme0n1           0.00     3.00 127276.00 89469.00   497.18   349.50     8.00     0.81    0.03    0.03    0.03   0.00  32.80
nvme0n1           0.00     0.00 127066.00 89433.00   496.34   349.35     8.00     0.58    0.03    0.03    0.03   0.00  32.80
nvme0n1           0.00     0.00 127536.00 89661.00   498.19   350.24     8.00     0.44    0.03    0.02    0.03   0.00  27.60
nvme0n1           0.00     0.00 126538.00 88837.00   494.29   347.02     8.00     0.59    0.03    0.03    0.03   0.00  29.60
nvme0n1           0.00     0.00 127015.00 89118.00   496.15   348.11     8.00     0.63    0.03    0.03    0.03   0.00  30.40
nvme0n1           0.00     3.00 127592.00 89719.00   498.41   350.48     8.00     0.72    0.03    0.03    0.03   0.00  37.20
nvme0n1           0.00     0.00 127148.00 89275.00   496.67   348.73     8.00     0.56    0.03    0.03    0.03   0.00  30.00
