nvme0n1           0.00     0.00 186868.00    0.00   729.95     0.00     8.00     0.41    0.02    0.02    0.00   0.00  28.00
nvme0n1           0.00     0.00 218638.00    0.00   854.05     0.00     8.00     0.58    0.02    0.02    0.00   0.00  34.00
nvme0n1           0.00     0.00 217591.00    0.00   849.96     0.00     8.00     0.46    0.02    0.02    0.00   0.00  26.80
nvme0n1           1.00     3.00 216052.00    2.00   843.96     0.02     8.00     0.41    0.02    0.02    0.00   0.00  24.40
nvme0n1           0.00     0.00 216937.00    0.00   847.41     0.00     8.00     0.46    0.02    0.02    0.00   0.00  27.60
nvme0n1           0.00     2.00 216480.00    1.00   845.63     0.01     8.00     0.34    0.02    0.02    0.00   0.00  24.40
nvme0n1           0.00     0.00 217392.00    0.00   849.19     0.00     8.00     0.51    0.02    0.02    0.00   0.00  28.40
nvme0n1           0.00     0.00 217833.00    0.00   850.91     0.00     8.00     0.39    0.02    0.02    0.00   0.00  26.40
nvme0n1           0.00     0.00 216916.00    0.00   847.33     0.00     8.00     0.48    0.02    0.02    0.00   0.00  28.00
nvme0n1           0.00     0.00 218053.00    0.00   851.77     0.00     8.00     0.50    0.02    0.02    0.00   0.00  32.40
nvme0n1           0.00     0.00 216961.00    0.00   847.50     0.00     8.00     0.38    0.02    0.02    0.00   0.00  20.00
nvme0n1           1.00     0.00 216313.00    0.00   844.98     0.00     8.00     0.44    0.02    0.02    0.00   0.00  24.00
nvme0n1           0.00     0.00 218431.00    0.00   853.25     0.00     8.00     0.42    0.02    0.02    0.00   0.00  23.20
nvme0n1           0.00     0.00 217379.00    0.00   849.13     0.00     8.00     0.48    0.02    0.02    0.00   0.00  30.40
nvme0n1           0.00     0.00 218642.00    0.00   854.07     0.00     8.00     0.51    0.02    0.02    0.00   0.00  30.00
nvme0n1           0.00     0.00 217703.00    0.00   850.40     0.00     8.00     0.43    0.02    0.02    0.00   0.00  27.60
nvme0n1           0.00     0.00 218453.00    0.00   853.34     0.00     8.00     0.45    0.02    0.02    0.00   0.00  26.00
nvme0n1           0.00     0.00 216906.00    0.00   847.29     0.00     8.00     0.48    0.02    0.02    0.00   0.00  28.40
nvme0n1           0.00     0.00 216844.00    0.00   847.05     0.00     8.00     0.43    0.02    0.02    0.00   0.00  21.60
nvme0n1           0.00     0.00 216702.00    0.00   846.50     0.00     8.00     0.45    0.02    0.02    0.00   0.00  28.40
nvme0n1           0.00     0.00 217719.00    0.00   850.46     0.00     8.00     0.38    0.02    0.02    0.00   0.00  24.00
nvme0n1           0.00     0.00 217312.00    0.00   848.88     0.00     8.00     0.44    0.02    0.02    0.00   0.00  27.20
nvme0n1           0.00     0.00 217203.00    0.00   848.45     0.00     8.00     0.50    0.02    0.02    0.00   0.00  30.80
nvme0n1           0.00     0.00 216618.00    0.00   846.16     0.00     8.00     0.39    0.02    0.02    0.00   0.00  24.80
nvme0n1           0.00     0.00 217253.00    0.00   848.65     0.00     8.00     0.44    0.02    0.02    0.00   0.00  26.80
nvme0n1           0.00     0.00 217677.00    0.00   850.30     0.00     8.00     0.38    0.02    0.02    0.00   0.00  25.60
nvme0n1           0.00     0.00 218718.00    0.00   854.36     0.00     8.00     0.44    0.02    0.02    0.00   0.00  26.80
nvme0n1           0.00     0.00 218114.00    0.00   852.01     0.00     8.00     0.50    0.02    0.02    0.00   0.00  25.20
nvme0n1           0.00     0.00 217749.00    0.00   850.58     0.00     8.00     0.61    0.02    0.02    0.00   0.00  34.80
nvme0n1           0.00     0.00 217563.00    0.00   849.86     0.00     8.00     0.33    0.02    0.02    0.00   0.00  24.80
nvme0n1           0.00     0.00 217964.00    0.00   851.42     0.00     8.00     0.52    0.02    0.02    0.00   0.00  25.20
nvme0n1           0.00     0.00 218241.00    0.00   852.51     0.00     8.00     0.52    0.02    0.02    0.00   0.00  26.40
nvme0n1           0.00     0.00 218914.00    0.00   855.13     0.00     8.00     0.40    0.02    0.02    0.00   0.00  24.00
nvme0n1           0.00     0.00 218818.00    0.00   854.76     0.00     8.00     0.46    0.02    0.02    0.00   0.00  24.80
nvme0n1           0.00     0.00 217676.00    0.00   850.30     0.00     8.00     0.54    0.02    0.02    0.00   0.00  28.00
nvme0n1           0.00     0.00 217886.00    0.00   851.11     0.00     8.00     0.40    0.02    0.02    0.00   0.00  23.20
nvme0n1           0.00     0.00 215759.41    0.00   842.81     0.00     8.00     0.41    0.02    0.02    0.00   0.00  25.35
nvme0n1           0.00     0.00 218187.00    0.00   852.30     0.00     8.00     0.49    0.02    0.02    0.00   0.00  27.20
nvme0n1           0.00     0.00 217793.00    0.00   850.75     0.00     8.00     0.59    0.02    0.02    0.00   0.00  34.40
nvme0n1           0.00     0.00 217929.00    0.00   851.29     0.00     8.00     0.48    0.02    0.02    0.00   0.00  27.60
nvme0n1           0.00     0.00 219088.00    0.00   855.81     0.00     8.00     0.48    0.02    0.02    0.00   0.00  26.00
nvme0n1           0.00     0.00 217963.00    0.00   851.42     0.00     8.00     0.48    0.02    0.02    0.00   0.00  29.20
nvme0n1           0.00     0.00 217624.00    0.00   850.09     0.00     8.00     0.43    0.02    0.02    0.00   0.00  25.20
nvme0n1           0.00     0.00 218315.00    0.00   852.79     0.00     8.00     0.38    0.02    0.02    0.00   0.00  22.40
nvme0n1           0.00     0.00 218190.00    0.00   852.31     0.00     8.00     0.42    0.02    0.02    0.00   0.00  29.20
nvme0n1           0.00     0.00 218600.00    0.00   853.90     0.00     8.00     0.46    0.02    0.02    0.00   0.00  27.20
nvme0n1           1.00     0.00 218989.00    0.00   855.43     0.00     8.00     0.51    0.02    0.02    0.00   0.00  31.20
nvme0n1           0.00     0.00 218951.00    0.00   855.28     0.00     8.00     0.45    0.02    0.02    0.00   0.00  26.80
nvme0n1           0.00     0.00 217899.00    0.00   851.17     0.00     8.00     0.43    0.02    0.02    0.00   0.00  25.60
nvme0n1           0.00     0.00 218014.00    0.00   851.61     0.00     8.00     0.41    0.02    0.02    0.00   0.00  28.40
nvme0n1           0.00     0.00 218955.00    0.00   855.30     0.00     8.00     0.45    0.02    0.02    0.00   0.00  26.40
nvme0n1           0.00     0.00 218080.00    0.00   851.88     0.00     8.00     0.41    0.02    0.02    0.00   0.00  26.00
nvme0n1           0.00     0.00 218088.00    0.00   851.90     0.00     8.00     0.66    0.02    0.02    0.00   0.00  34.00
nvme0n1           0.00     0.00 217924.00    0.00   851.27     0.00     8.00     0.42    0.02    0.02    0.00   0.00  24.40
nvme0n1           0.00     0.00 218055.00    0.00   851.78     0.00     8.00     0.41    0.02    0.02    0.00   0.00  28.00
nvme0n1           0.00     0.00 217564.00    0.00   849.86     0.00     8.00     0.39    0.02    0.02    0.00   0.00  24.40
nvme0n1           0.00     0.00 218707.00    0.00   854.32     0.00     8.00     0.45    0.02    0.02    0.00   0.00  26.40
nvme0n1           0.00     0.00 218900.00    0.00   855.08     0.00     8.00     0.46    0.02    0.02    0.00   0.00  28.80
nvme0n1           0.00     0.00 217219.00    0.00   848.51     0.00     8.00     0.48    0.02    0.02    0.00   0.00  29.60
nvme0n1           0.00     0.00 217986.00    0.00   851.51     0.00     8.00     0.39    0.02    0.02    0.00   0.00  21.60
nvme0n1           0.00     0.00 217480.00    0.00   849.53     0.00     8.00     0.47    0.02    0.02    0.00   0.00  27.60
nvme0n1           0.00     0.00 218399.00    0.00   853.12     0.00     8.00     0.44    0.02    0.02    0.00   0.00  23.20
nvme0n1           0.00     0.00 218643.00    0.00   854.08     0.00     8.00     0.48    0.02    0.02    0.00   0.00  29.60
nvme0n1           0.00     0.00 218651.00    0.00   854.10     0.00     8.00     0.45    0.02    0.02    0.00   0.00  28.00
nvme0n1           0.00     0.00 218649.00    0.00   854.10     0.00     8.00     0.52    0.02    0.02    0.00   0.00  29.20
nvme0n1           0.00     0.00 218575.00    0.00   853.81     0.00     8.00     0.44    0.02    0.02    0.00   0.00  25.60
nvme0n1           0.00     0.00 218542.00    0.00   853.68     0.00     8.00     0.42    0.02    0.02    0.00   0.00  24.80
nvme0n1           0.00     0.00 217282.00    0.00   848.77     0.00     8.00     0.46    0.02    0.02    0.00   0.00  29.20
nvme0n1           1.00     0.00 218298.00    0.00   852.72     0.00     8.00     0.54    0.02    0.02    0.00   0.00  28.40
nvme0n1           0.00     0.00 217958.00    0.00   851.40     0.00     8.00     0.42    0.02    0.02    0.00   0.00  27.20
nvme0n1           1.00     0.00 218642.00    0.00   854.07     0.00     8.00     0.44    0.02    0.02    0.00   0.00  27.20
nvme0n1           0.00     0.00 218529.00    0.00   853.63     0.00     8.00     0.45    0.02    0.02    0.00   0.00  23.60
nvme0n1           0.00     0.00 218162.00    0.00   852.19     0.00     8.00     0.36    0.02    0.02    0.00   0.00  24.40
nvme0n1           0.00     0.00 218598.00    0.00   853.90     0.00     8.00     0.46    0.02    0.02    0.00   0.00  23.20
nvme0n1           0.00     0.00 218385.00    0.00   853.07     0.00     8.00     0.51    0.02    0.02    0.00   0.00  34.40
nvme0n1           1.00     0.00 219261.00    0.00   856.49     0.00     8.00     0.51    0.02    0.02    0.00   0.00  29.20
nvme0n1           0.00     0.00 217895.00    0.00   851.15     0.00     8.00     0.50    0.02    0.02    0.00   0.00  27.60
nvme0n1           0.00     0.00 218594.00    0.00   853.88     0.00     8.00     0.52    0.02    0.02    0.00   0.00  31.20
nvme0n1           0.00     0.00 218474.00    0.00   853.41     0.00     8.00     0.44    0.02    0.02    0.00   0.00  26.40
nvme0n1           0.00     0.00 217409.00    0.00   849.26     0.00     8.00     0.44    0.02    0.02    0.00   0.00  24.40
nvme0n1           0.00     0.00 217746.00    0.00   850.57     0.00     8.00     0.54    0.02    0.02    0.00   0.00  31.60
nvme0n1           0.00     0.00 218384.00    0.00   853.06     0.00     8.00     0.44    0.02    0.02    0.00   0.00  28.00
nvme0n1           0.00     0.00 219013.00    0.00   855.52     0.00     8.00     0.41    0.02    0.02    0.00   0.00  23.60
nvme0n1           0.00     0.00 217914.00    0.00   851.23     0.00     8.00     0.44    0.02    0.02    0.00   0.00  26.80
nvme0n1           0.00     0.00 218377.00    0.00   853.03     0.00     8.00     0.53    0.03    0.03    0.00   0.00  29.60
nvme0n1           0.00     0.00 218407.00    0.00   853.15     0.00     8.00     0.44    0.02    0.02    0.00   0.00  28.80
nvme0n1           0.00     0.00 218076.00    0.00   851.86     0.00     8.00     0.54    0.02    0.02    0.00   0.00  30.80
nvme0n1           0.00     0.00 218536.00    0.00   853.66     0.00     8.00     0.50    0.02    0.02    0.00   0.00  28.40
nvme0n1           0.00     0.00 218130.00    0.00   852.07     0.00     8.00     0.50    0.02    0.02    0.00   0.00  29.60
nvme0n1           1.00     0.00 218876.00    0.00   854.99     0.00     8.00     0.54    0.02    0.02    0.00   0.00  32.40
nvme0n1           0.00     0.00 218892.00    0.00   855.04     0.00     8.00     0.50    0.02    0.02    0.00   0.00  25.60
nvme0n1           0.00     0.00 219221.00    0.00   856.33     0.00     8.00     0.40    0.02    0.02    0.00   0.00  23.60
nvme0n1           0.00     0.00 218445.00    0.00   853.30     0.00     8.00     0.44    0.02    0.02    0.00   0.00  26.80
nvme0n1           0.00     0.00 218082.00    0.00   851.88     0.00     8.00     0.46    0.02    0.02    0.00   0.00  26.00
nvme0n1           1.00     0.00 216863.00    0.00   847.13     0.00     8.00     0.51    0.02    0.02    0.00   0.00  28.00
nvme0n1           0.00     0.00 217129.00    0.00   848.16     0.00     8.00     0.50    0.02    0.02    0.00   0.00  26.40
nvme0n1           0.00     0.00 217771.00    0.00   850.67     0.00     8.00     0.41    0.02    0.02    0.00   0.00  22.40
nvme0n1           0.00     0.00 217468.00    0.00   849.49     0.00     8.00     0.48    0.02    0.02    0.00   0.00  26.00
nvme0n1           0.00     0.00 218561.00    0.00   853.75     0.00     8.00     0.54    0.02    0.02    0.00   0.00  25.60
nvme0n1           0.00     0.00 218521.00    0.00   853.60     0.00     8.00     0.47    0.02    0.02    0.00   0.00  28.40
nvme0n1           0.00     0.00 218019.00    0.00   851.64     0.00     8.00     0.46    0.02    0.02    0.00   0.00  26.00
nvme0n1           0.00     0.00 218350.00    0.00   852.93     0.00     8.00     0.46    0.02    0.02    0.00   0.00  26.00
nvme0n1           0.00     0.00 218192.00    0.00   852.31     0.00     8.00     0.40    0.02    0.02    0.00   0.00  26.40
nvme0n1           0.00     0.00 218295.00    0.00   852.72     0.00     8.00     0.41    0.02    0.02    0.00   0.00  28.00
nvme0n1           0.00     0.00 217862.00    0.00   851.02     0.00     8.00     0.59    0.02    0.02    0.00   0.00  29.20
nvme0n1           0.00     0.00 218299.00    0.00   852.73     0.00     8.00     0.55    0.02    0.02    0.00   0.00  29.20
nvme0n1           0.00     0.00 217695.00    0.00   850.37     0.00     8.00     0.52    0.02    0.02    0.00   0.00  31.60
nvme0n1           0.00     0.00 217670.00    0.00   850.27     0.00     8.00     0.50    0.02    0.02    0.00   0.00  28.00
nvme0n1           0.00     0.00 219338.00    0.00   856.79     0.00     8.00     0.52    0.02    0.02    0.00   0.00  30.40
nvme0n1           0.00     0.00 218571.00    0.00   853.80     0.00     8.00     0.45    0.02    0.02    0.00   0.00  26.40
nvme0n1           0.00     0.00 216285.15    0.00   844.86     0.00     8.00     0.46    0.02    0.02    0.00   0.00  26.53
nvme0n1           0.00     0.00 217991.00    0.00   851.53     0.00     8.00     0.38    0.02    0.02    0.00   0.00  21.60
nvme0n1           0.00     0.00 218052.00    0.00   851.76     0.00     8.00     0.47    0.02    0.02    0.00   0.00  24.80
nvme0n1           0.00     0.00 218889.00    0.00   855.04     0.00     8.00     0.58    0.02    0.02    0.00   0.00  36.40
nvme0n1           0.00     0.00 218884.00    0.00   855.02     0.00     8.00     0.50    0.02    0.02    0.00   0.00  30.80
nvme0n1           0.00     0.00 217705.00    0.00   850.41     0.00     8.00     0.42    0.02    0.02    0.00   0.00  23.20
nvme0n1           0.00     0.00 218340.00    0.00   852.89     0.00     8.00     0.44    0.02    0.02    0.00   0.00  22.80
nvme0n1           0.00     0.00 218781.00    0.00   854.62     0.00     8.00     0.49    0.02    0.02    0.00   0.00  28.40
nvme0n1           1.00     0.00 218304.00    0.00   852.75     0.00     8.00     0.50    0.02    0.02    0.00   0.00  28.00
nvme0n1           0.00     0.00 219193.00    0.00   856.23     0.00     8.00     0.56    0.02    0.02    0.00   0.00  30.40
nvme0n1           0.00     0.00 218356.00    0.00   852.95     0.00     8.00     0.44    0.02    0.02    0.00   0.00  24.80
nvme0n1           0.00     0.00 217476.00    0.00   849.52     0.00     8.00     0.40    0.02    0.02    0.00   0.00  23.20
nvme0n1           0.00     0.00 218199.00    0.00   852.34     0.00     8.00     0.49    0.02    0.02    0.00   0.00  24.80
nvme0n1           0.00     0.00 218467.00    0.00   853.39     0.00     8.00     0.47    0.02    0.02    0.00   0.00  28.00
nvme0n1           1.00     0.00 219694.00    0.00   858.18     0.00     8.00     0.41    0.02    0.02    0.00   0.00  27.20
nvme0n1           0.00     0.00 218064.00    0.00   851.81     0.00     8.00     0.41    0.02    0.02    0.00   0.00  23.60
nvme0n1           0.00     0.00 218445.00    0.00   853.30     0.00     8.00     0.44    0.02    0.02    0.00   0.00  26.00
nvme0n1           0.00     0.00 217696.00    0.00   850.38     0.00     8.00     0.41    0.02    0.02    0.00   0.00  23.20
nvme0n1           0.00     0.00 218483.00    0.00   853.45     0.00     8.00     0.42    0.02    0.02    0.00   0.00  26.80
nvme0n1           0.00     0.00 218900.00    0.00   855.08     0.00     8.00     0.39    0.02    0.02    0.00   0.00  27.60
nvme0n1           0.00     0.00 217371.00    0.00   849.11     0.00     8.00     0.41    0.02    0.02    0.00   0.00  23.20
nvme0n1           0.00     0.00 217957.00    0.00   851.39     0.00     8.00     0.38    0.02    0.02    0.00   0.00  22.40
nvme0n1           0.00     0.00 218475.00    0.00   853.42     0.00     8.00     0.37    0.02    0.02    0.00   0.00  24.00
nvme0n1           0.00     0.00 218474.00    0.00   853.41     0.00     8.00     0.53    0.02    0.02    0.00   0.00  29.20
nvme0n1           0.00     0.00 218161.00    0.00   852.19     0.00     8.00     0.46    0.02    0.02    0.00   0.00  27.60
nvme0n1           0.00     0.00 218855.00    0.00   854.90     0.00     8.00     0.44    0.02    0.02    0.00   0.00  22.80
nvme0n1           0.00     0.00 217557.00    0.00   849.83     0.00     8.00     0.49    0.02    0.02    0.00   0.00  26.80
nvme0n1           0.00     0.00 217606.00    0.00   850.02     0.00     8.00     0.55    0.02    0.02    0.00   0.00  30.40
nvme0n1           1.00     0.00 218237.00    0.00   852.49     0.00     8.00     0.53    0.02    0.02    0.00   0.00  30.40
nvme0n1           0.00     0.00 218094.00    0.00   851.93     0.00     8.00     0.52    0.02    0.02    0.00   0.00  30.80
nvme0n1           0.00     0.00 217455.00    0.00   849.43     0.00     8.00     0.53    0.02    0.02    0.00   0.00  30.00
nvme0n1           0.00     0.00 217715.00    0.00   850.45     0.00     8.00     0.47    0.02    0.02    0.00   0.00  29.20
nvme0n1           0.00     0.00 217742.00    0.00   850.55     0.00     8.00     0.50    0.02    0.02    0.00   0.00  27.60
nvme0n1           0.00     0.00 218474.00    0.00   853.41     0.00     8.00     0.41    0.02    0.02    0.00   0.00  22.80
nvme0n1           0.00     0.00 218405.00    0.00   853.15     0.00     8.00     0.58    0.02    0.02    0.00   0.00  28.40
nvme0n1           0.00     0.00 217110.00    0.00   848.08     0.00     8.00     0.41    0.02    0.02    0.00   0.00  26.00
nvme0n1           0.00     0.00 218319.00    0.00   852.81     0.00     8.00     0.32    0.02    0.02    0.00   0.00  18.40
nvme0n1           0.00     0.00 217763.00    0.00   850.64     0.00     8.00     0.46    0.02    0.02    0.00   0.00  32.00
nvme0n1           0.00     0.00 218847.00    0.00   854.87     0.00     8.00     0.47    0.02    0.02    0.00   0.00  29.20
nvme0n1           0.00     0.00 218712.00    0.00   854.35     0.00     8.00     0.49    0.02    0.02    0.00   0.00  30.40
nvme0n1           0.00     0.00 217703.00    0.00   850.40     0.00     8.00     0.53    0.02    0.02    0.00   0.00  28.40
nvme0n1           0.00     0.00 217961.00    0.00   851.41     0.00     8.00     0.49    0.02    0.02    0.00   0.00  27.20
nvme0n1           0.00     0.00 218918.00    0.00   855.15     0.00     8.00     0.47    0.02    0.02    0.00   0.00  27.60
nvme0n1           0.00     0.00 220146.00    0.00   859.94     0.00     8.00     0.41    0.02    0.02    0.00   0.00  23.20
nvme0n1           0.00     0.00 218067.00    0.00   851.83     0.00     8.00     0.42    0.02    0.02    0.00   0.00  22.00
nvme0n1           0.00     0.00 218280.00    0.00   852.65     0.00     8.00     0.49    0.02    0.02    0.00   0.00  25.60
nvme0n1           0.00     0.00 218334.00    0.00   852.87     0.00     8.00     0.44    0.02    0.02    0.00   0.00  24.40
nvme0n1           0.00     0.00 217517.00    0.00   849.68     0.00     8.00     0.52    0.02    0.02    0.00   0.00  27.60
nvme0n1           0.00     0.00 218839.00    0.00   854.84     0.00     8.00     0.58    0.02    0.02    0.00   0.00  26.80
nvme0n1           0.00     0.00 218023.00    0.00   851.66     0.00     8.00     0.50    0.02    0.02    0.00   0.00  28.80
nvme0n1           0.00     0.00 218411.00    0.00   853.17     0.00     8.00     0.49    0.02    0.02    0.00   0.00  28.00
nvme0n1           0.00     0.00 217287.00    0.00   848.77     0.00     8.00     0.56    0.02    0.02    0.00   0.00  30.80
nvme0n1           0.00     0.00 218238.00    0.00   852.49     0.00     8.00     0.46    0.02    0.02    0.00   0.00  31.20
nvme0n1           0.00     0.00 218218.00    0.00   852.41     0.00     8.00     0.52    0.02    0.02    0.00   0.00  30.00
nvme0n1           0.00     0.00 218116.00    0.00   852.02     0.00     8.00     0.47    0.02    0.02    0.00   0.00  28.40
nvme0n1           0.00     0.00 217732.00    0.00   850.52     0.00     8.00     0.46    0.02    0.02    0.00   0.00  26.00
nvme0n1           0.00     0.00 218237.00    0.00   852.49     0.00     8.00     0.41    0.02    0.02    0.00   0.00  25.60
nvme0n1           0.00     0.00 217998.00    0.00   851.55     0.00     8.00     0.39    0.02    0.02    0.00   0.00  23.60
nvme0n1           0.00     0.00 218354.00    0.00   852.95     0.00     8.00     0.52    0.02    0.02    0.00   0.00  28.40
nvme0n1           0.00     0.00 218228.00    0.00   852.45     0.00     8.00     0.46    0.02    0.02    0.00   0.00  26.80
nvme0n1           0.00     0.00 217591.00    0.00   849.96     0.00     8.00     0.43    0.02    0.02    0.00   0.00  27.20
nvme0n1           0.00     0.00 218336.00    0.00   852.88     0.00     8.00     0.42    0.02    0.02    0.00   0.00  23.20
nvme0n1           0.00     0.00 217706.00    0.00   850.41     0.00     8.00     0.42    0.02    0.02    0.00   0.00  22.00
nvme0n1           0.00     0.00 218423.00    0.00   853.21     0.00     8.00     0.44    0.02    0.02    0.00   0.00  25.60
nvme0n1           0.00     0.00 217134.00    0.00   848.18     0.00     8.00     0.45    0.02    0.02    0.00   0.00  26.00
nvme0n1           0.00     0.00 219082.00    0.00   855.79     0.00     8.00     0.46    0.02    0.02    0.00   0.00  28.40
nvme0n1           0.00     0.00 218522.00    0.00   853.60     0.00     8.00     0.49    0.02    0.02    0.00   0.00  29.60
nvme0n1           0.00     0.00 217957.00    0.00   851.40     0.00     8.00     0.40    0.02    0.02    0.00   0.00  26.40
nvme0n1           0.00     0.00 218521.00    0.00   853.59     0.00     8.00     0.65    0.02    0.02    0.00   0.00  35.60
nvme0n1           0.00     0.00 218017.00    0.00   851.63     0.00     8.00     0.49    0.02    0.02    0.00   0.00  25.60
nvme0n1           0.00     0.00 217171.00    0.00   848.32     0.00     8.00     0.36    0.02    0.02    0.00   0.00  26.40
nvme0n1           0.00     0.00 218819.00    0.00   854.76     0.00     8.00     0.53    0.02    0.02    0.00   0.00  28.80
nvme0n1           1.00     0.00 217060.00    0.00   847.89     0.00     8.00     0.46    0.02    0.02    0.00   0.00  24.40
nvme0n1           0.00     0.00 218820.00    0.00   854.77     0.00     8.00     0.54    0.02    0.02    0.00   0.00  30.80
nvme0n1           0.00     0.00 218913.00    0.00   855.13     0.00     8.00     0.46    0.02    0.02    0.00   0.00  28.80
nvme0n1           0.00     0.00 218850.00    0.00   854.88     0.00     8.00     0.44    0.02    0.02    0.00   0.00  28.40
nvme0n1           0.00     0.00 215938.61    0.00   843.51     0.00     8.00     0.53    0.02    0.02    0.00   0.00  25.74
nvme0n1           0.00     0.00 218089.00    0.00   851.91     0.00     8.00     0.50    0.02    0.02    0.00   0.00  30.80
nvme0n1           1.00     0.00 217817.00    0.00   850.85     0.00     8.00     0.48    0.02    0.02    0.00   0.00  29.20
nvme0n1           0.00     0.00 217870.00    0.00   851.06     0.00     8.00     0.51    0.02    0.02    0.00   0.00  29.20
nvme0n1           0.00     0.00 217830.00    0.00   850.90     0.00     8.00     0.37    0.02    0.02    0.00   0.00  24.00
nvme0n1           0.00     0.00 218785.00    0.00   854.62     0.00     8.00     0.47    0.02    0.02    0.00   0.00  26.40
nvme0n1           0.00     0.00 217920.00    0.00   851.25     0.00     8.00     0.56    0.02    0.02    0.00   0.00  28.00
nvme0n1           0.00     0.00 217940.00    0.00   851.33     0.00     8.00     0.50    0.02    0.02    0.00   0.00  30.80
nvme0n1           0.00     0.00 218946.00    0.00   855.25     0.00     8.00     0.48    0.02    0.02    0.00   0.00  24.40
nvme0n1           0.00     0.00 217884.00    0.00   851.11     0.00     8.00     0.39    0.02    0.02    0.00   0.00  25.60
nvme0n1           0.00     0.00 218415.00    0.00   853.18     0.00     8.00     0.55    0.02    0.02    0.00   0.00  29.60
nvme0n1           0.00     0.00 217191.00    0.00   848.40     0.00     8.00     0.41    0.02    0.02    0.00   0.00  25.20
nvme0n1           0.00     0.00 218172.00    0.00   852.23     0.00     8.00     0.50    0.02    0.02    0.00   0.00  30.40
nvme0n1           0.00     0.00 219077.00    0.00   855.77     0.00     8.00     0.47    0.02    0.02    0.00   0.00  22.40
nvme0n1           0.00     0.00 218553.00    0.00   853.72     0.00     8.00     0.48    0.02    0.02    0.00   0.00  26.00
nvme0n1           0.00     0.00 219263.00    0.00   856.50     0.00     8.00     0.40    0.02    0.02    0.00   0.00  22.80
nvme0n1           0.00     0.00 218797.00    0.00   854.67     0.00     8.00     0.45    0.02    0.02    0.00   0.00  25.20
nvme0n1           0.00     0.00 217855.00    0.00   851.00     0.00     8.00     0.45    0.02    0.02    0.00   0.00  23.60
nvme0n1           0.00     0.00 217594.00    0.00   849.98     0.00     8.00     0.42    0.02    0.02    0.00   0.00  25.20
nvme0n1           0.00     0.00 218469.00    0.00   853.39     0.00     8.00     0.38    0.02    0.02    0.00   0.00  26.40
nvme0n1           0.00     0.00 219389.00    0.00   856.99     0.00     8.00     0.55    0.02    0.02    0.00   0.00  30.80
nvme0n1           0.00     0.00 218877.00    0.00   854.99     0.00     8.00     0.40    0.02    0.02    0.00   0.00  23.60
nvme0n1           0.00     0.00 217763.00    0.00   850.64     0.00     8.00     0.46    0.02    0.02    0.00   0.00  28.80
nvme0n1           0.00     0.00 218590.00    0.00   853.87     0.00     8.00     0.54    0.02    0.02    0.00   0.00  30.00
nvme0n1           0.00     0.00 218451.00    0.00   853.32     0.00     8.00     0.51    0.02    0.02    0.00   0.00  26.00
nvme0n1           0.00     0.00 218112.00    0.00   852.00     0.00     8.00     0.53    0.02    0.02    0.00   0.00  26.40
nvme0n1           0.00     0.00 217386.00    0.00   849.16     0.00     8.00     0.42    0.02    0.02    0.00   0.00  26.40
nvme0n1           0.00     0.00 218010.00    0.00   851.60     0.00     8.00     0.47    0.02    0.02    0.00   0.00  26.80
nvme0n1           0.00     0.00 217226.00    0.00   848.54     0.00     8.00     0.38    0.02    0.02    0.00   0.00  22.00
nvme0n1           1.00     0.00 218973.00    0.00   855.37     0.00     8.00     0.39    0.02    0.02    0.00   0.00  23.60
nvme0n1           0.00     0.00 218966.00    0.00   855.34     0.00     8.00     0.49    0.02    0.02    0.00   0.00  28.00
nvme0n1           0.00     0.00 218248.00    0.00   852.53     0.00     8.00     0.49    0.02    0.02    0.00   0.00  27.20
nvme0n1           0.00     0.00 218119.00    0.00   852.03     0.00     8.00     0.46    0.02    0.02    0.00   0.00  28.40
nvme0n1           0.00     0.00 218221.00    0.00   852.43     0.00     8.00     0.53    0.02    0.02    0.00   0.00  29.20
nvme0n1           0.00     0.00 218438.00    0.00   853.27     0.00     8.00     0.56    0.02    0.02    0.00   0.00  27.60
nvme0n1           0.00     0.00 218092.00    0.00   851.92     0.00     8.00     0.48    0.02    0.02    0.00   0.00  25.20
nvme0n1           0.00     0.00 218529.00    0.00   853.63     0.00     8.00     0.39    0.02    0.02    0.00   0.00  24.40
nvme0n1           0.00     0.00 217193.00    0.00   848.41     0.00     8.00     0.50    0.02    0.02    0.00   0.00  28.00
nvme0n1           0.00     0.00 217889.00    0.00   851.13     0.00     8.00     0.39    0.02    0.02    0.00   0.00  25.20
nvme0n1           0.00     0.00 218157.00    0.00   852.17     0.00     8.00     0.48    0.02    0.02    0.00   0.00  27.60
nvme0n1           0.00     0.00 217741.00    0.00   850.55     0.00     8.00     0.48    0.02    0.02    0.00   0.00  32.00
nvme0n1           0.00     0.00 217940.00    0.00   851.33     0.00     8.00     0.37    0.02    0.02    0.00   0.00  21.20
nvme0n1           0.00     0.00 217819.00    0.00   850.86     0.00     8.00     0.54    0.02    0.02    0.00   0.00  24.40
nvme0n1           0.00     0.00 218714.00    0.00   854.36     0.00     8.00     0.49    0.02    0.02    0.00   0.00  31.20
nvme0n1           1.00     0.00 217819.00    0.00   850.86     0.00     8.00     0.48    0.02    0.02    0.00   0.00  28.80
nvme0n1           0.00     0.00 218593.00    0.00   853.88     0.00     8.00     0.58    0.02    0.02    0.00   0.00  28.40
nvme0n1           0.00     0.00 218315.00    0.00   852.80     0.00     8.00     0.40    0.02    0.02    0.00   0.00  25.20
nvme0n1           0.00     0.00 218447.00    0.00   853.30     0.00     8.00     0.44    0.02    0.02    0.00   0.00  29.20
nvme0n1           0.00     0.00 217031.00    0.00   847.78     0.00     8.00     0.45    0.02    0.02    0.00   0.00  26.40
nvme0n1           0.00     0.00 218893.00    0.00   855.05     0.00     8.00     0.36    0.02    0.02    0.00   0.00  24.40
nvme0n1           0.00     0.00 218560.00    0.00   853.75     0.00     8.00     0.43    0.02    0.02    0.00   0.00  25.60
nvme0n1           0.00     0.00 217538.00    0.00   849.75     0.00     8.00     0.47    0.02    0.02    0.00   0.00  28.00
nvme0n1           1.00     0.00 218134.00    0.00   852.09     0.00     8.00     0.52    0.02    0.02    0.00   0.00  32.40
nvme0n1           0.00     0.00 218134.00    0.00   852.09     0.00     8.00     0.43    0.02    0.02    0.00   0.00  26.80
nvme0n1           0.00     0.00 219219.00    0.00   856.32     0.00     8.00     0.52    0.02    0.02    0.00   0.00  32.00
nvme0n1           0.00     0.00 219732.00    0.00   858.32     0.00     8.00     0.50    0.02    0.02    0.00   0.00  26.80
nvme0n1           0.00     0.00 218539.00    0.00   853.67     0.00     8.00     0.42    0.02    0.02    0.00   0.00  26.00
nvme0n1           0.00     0.00 218534.00    0.00   853.64     0.00     8.00     0.50    0.02    0.02    0.00   0.00  29.20
nvme0n1           1.00     0.00 217997.00    0.00   851.55     0.00     8.00     0.58    0.02    0.02    0.00   0.00  32.00
nvme0n1           0.00     0.00 218463.00    0.00   853.37     0.00     8.00     0.40    0.02    0.02    0.00   0.00  19.60
nvme0n1           0.00     0.00 218746.00    0.00   854.48     0.00     8.00     0.47    0.02    0.02    0.00   0.00  27.60
nvme0n1           0.00     0.00 218810.00    0.00   854.73     0.00     8.00     0.47    0.02    0.02    0.00   0.00  23.20
nvme0n1           0.00     0.00 217701.00    0.00   850.39     0.00     8.00     0.54    0.02    0.02    0.00   0.00  29.20
nvme0n1           0.00     0.00 217352.00    0.00   849.04     0.00     8.00     0.53    0.02    0.02    0.00   0.00  26.40
nvme0n1           0.00     0.00 216464.00    0.00   845.56     0.00     8.00     0.46    0.02    0.02    0.00   0.00  30.80
nvme0n1           0.00     0.00 219162.00    0.00   856.10     0.00     8.00     0.43    0.02    0.02    0.00   0.00  26.80
nvme0n1           0.00     0.00 218205.00    0.00   852.37     0.00     8.00     0.52    0.02    0.02    0.00   0.00  24.00
nvme0n1           0.00     0.00 217975.00    0.00   851.46     0.00     8.00     0.54    0.02    0.02    0.00   0.00  32.40
nvme0n1           0.00     0.00 218513.00    0.00   853.57     0.00     8.00     0.40    0.02    0.02    0.00   0.00  25.60
nvme0n1           0.00     0.00 219118.00    0.00   855.93     0.00     8.00     0.38    0.02    0.02    0.00   0.00  24.40
nvme0n1           0.00     0.00 219262.00    0.00   856.49     0.00     8.00     0.39    0.02    0.02    0.00   0.00  28.40
nvme0n1           0.00     0.00 218825.00    0.00   854.78     0.00     8.00     0.44    0.02    0.02    0.00   0.00  22.40
nvme0n1           0.00     0.00 217988.00    0.00   851.52     0.00     8.00     0.47    0.02    0.02    0.00   0.00  30.00
nvme0n1           0.00     0.00 218254.00    0.00   852.55     0.00     8.00     0.50    0.02    0.02    0.00   0.00  27.20
nvme0n1           0.00     0.00 218015.00    0.00   851.62     0.00     8.00     0.54    0.02    0.02    0.00   0.00  28.40
nvme0n1           0.00     0.00 215996.04    0.00   843.73     0.00     8.00     0.49    0.02    0.02    0.00   0.00  27.72
nvme0n1           0.00     0.00 217649.00    0.00   850.20     0.00     8.00     0.39    0.02    0.02    0.00   0.00  22.80
nvme0n1           0.00     0.00 217651.00    0.00   850.20     0.00     8.00     0.45    0.02    0.02    0.00   0.00  28.00
nvme0n1           0.00     0.00 217928.00    0.00   851.29     0.00     8.00     0.50    0.02    0.02    0.00   0.00  30.00
nvme0n1           0.00     0.00 218585.00    0.00   853.85     0.00     8.00     0.53    0.02    0.02    0.00   0.00  32.40
nvme0n1           1.00     0.00 218210.00    0.00   852.38     0.00     8.00     0.66    0.02    0.02    0.00   0.00  34.40
nvme0n1           0.00     0.00 219246.00    0.00   856.43     0.00     8.00     0.46    0.02    0.02    0.00   0.00  24.80
nvme0n1           0.00     0.00 217383.00    0.00   849.15     0.00     8.00     0.44    0.02    0.02    0.00   0.00  28.40
nvme0n1           0.00     0.00 217055.00    0.00   847.87     0.00     8.00     0.46    0.02    0.02    0.00   0.00  28.00
nvme0n1           0.00     0.00 219144.00    0.00   856.03     0.00     8.00     0.50    0.02    0.02    0.00   0.00  28.80
nvme0n1           0.00     0.00 218948.00    0.00   855.27     0.00     8.00     0.45    0.02    0.02    0.00   0.00  25.60
nvme0n1           0.00     0.00 219063.00    0.00   855.71     0.00     8.00     0.34    0.02    0.02    0.00   0.00  22.00
nvme0n1           0.00     0.00 218029.00    0.00   851.68     0.00     8.00     0.40    0.02    0.02    0.00   0.00  24.80
nvme0n1           0.00     0.00 218139.00    0.00   852.11     0.00     8.00     0.38    0.02    0.02    0.00   0.00  25.20
nvme0n1           0.00     0.00 218737.00    0.00   854.44     0.00     8.00     0.50    0.02    0.02    0.00   0.00  31.20
nvme0n1           0.00     0.00 218193.00    0.00   852.32     0.00     8.00     0.43    0.02    0.02    0.00   0.00  23.20
nvme0n1           0.00     0.00 219210.00    0.00   856.29     0.00     8.00     0.48    0.02    0.02    0.00   0.00  30.40
nvme0n1           0.00     0.00 217719.00    0.00   850.46     0.00     8.00     0.46    0.02    0.02    0.00   0.00  28.40
nvme0n1           0.00     0.00 218564.00    0.00   853.77     0.00     8.00     0.50    0.02    0.02    0.00   0.00  27.60
nvme0n1           0.00     0.00 218073.00    0.00   851.85     0.00     8.00     0.57    0.02    0.02    0.00   0.00  30.40
nvme0n1           0.00     0.00 218292.00    0.00   852.71     0.00     8.00     0.42    0.02    0.02    0.00   0.00  24.80
nvme0n1           1.00     0.00 218921.00    0.00   855.16     0.00     8.00     0.41    0.02    0.02    0.00   0.00  30.00
nvme0n1           0.00     0.00 218712.00    0.00   854.34     0.00     8.00     0.35    0.02    0.02    0.00   0.00  23.20
nvme0n1           0.00     0.00 218183.00    0.00   852.27     0.00     8.00     0.52    0.02    0.02    0.00   0.00  29.60
nvme0n1           0.00     0.00 219148.00    0.00   856.05     0.00     8.00     0.57    0.02    0.02    0.00   0.00  33.20
nvme0n1           0.00     0.00 218825.00    0.00   854.78     0.00     8.00     0.36    0.02    0.02    0.00   0.00  23.20
nvme0n1           1.00     0.00 218892.00    0.00   855.05     0.00     8.00     0.50    0.02    0.02    0.00   0.00  30.00
nvme0n1           0.00     0.00 219252.00    0.00   856.45     0.00     8.00     0.52    0.02    0.02    0.00   0.00  29.60
nvme0n1           0.00     0.00 218610.00    0.00   853.95     0.00     8.00     0.44    0.02    0.02    0.00   0.00  29.20
nvme0n1           0.00     0.00 219249.00    0.00   856.44     0.00     8.00     0.50    0.02    0.02    0.00   0.00  28.00
nvme0n1           0.00     0.00 219313.00    0.00   856.69     0.00     8.00     0.52    0.02    0.02    0.00   0.00  27.20
nvme0n1           0.00     0.00 218821.00    0.00   854.77     0.00     8.00     0.48    0.02    0.02    0.00   0.00  24.80
nvme0n1           0.00     0.00 218023.00    0.00   851.65     0.00     8.00     0.45    0.02    0.02    0.00   0.00  28.00
nvme0n1           0.00     0.00 217284.00    0.00   848.77     0.00     8.00     0.48    0.02    0.02    0.00   0.00  25.20
nvme0n1           0.00     0.00 218629.00    0.00   854.02     0.00     8.00     0.44    0.02    0.02    0.00   0.00  26.80
nvme0n1           0.00     0.00 218229.00    0.00   852.46     0.00     8.00     0.42    0.02    0.02    0.00   0.00  24.80
nvme0n1           0.00     0.00 218443.00    0.00   853.30     0.00     8.00     0.45    0.02    0.02    0.00   0.00  30.00
nvme0n1           0.00     0.00 218081.00    0.00   851.88     0.00     8.00     0.31    0.02    0.02    0.00   0.00  18.80
nvme0n1           1.00     0.00 218447.00    0.00   853.31     0.00     8.00     0.44    0.02    0.02    0.00   0.00  26.40
nvme0n1           0.00     0.00 218171.00    0.00   852.23     0.00     8.00     0.46    0.02    0.02    0.00   0.00  29.60
nvme0n1           0.00     0.00 217996.00    0.00   851.54     0.00     8.00     0.47    0.02    0.02    0.00   0.00  27.60
nvme0n1           1.00     0.00 218803.00    0.00   854.70     0.00     8.00     0.59    0.02    0.02    0.00   0.00  31.60
nvme0n1           0.00     0.00 218702.00    0.00   854.31     0.00     8.00     0.41    0.02    0.02    0.00   0.00  29.20
nvme0n1           0.00     0.00 217792.00    0.00   850.75     0.00     8.00     0.45    0.02    0.02    0.00   0.00  26.40
nvme0n1           0.00     0.00 218033.00    0.00   851.69     0.00     8.00     0.52    0.02    0.02    0.00   0.00  27.60
nvme0n1           0.00     0.00 218676.00    0.00   854.20     0.00     8.00     0.34    0.02    0.02    0.00   0.00  22.40
nvme0n1           0.00     0.00 218092.00    0.00   851.92     0.00     8.00     0.40    0.02    0.02    0.00   0.00  26.80
nvme0n1           0.00     0.00 218430.00    0.00   853.25     0.00     8.00     0.50    0.02    0.02    0.00   0.00  28.80
nvme0n1           0.00     0.00 218135.00    0.00   852.09     0.00     8.00     0.56    0.02    0.02    0.00   0.00  30.40
nvme0n1           0.00     0.00 218174.00    0.00   852.25     0.00     8.00     0.41    0.02    0.02    0.00   0.00  27.20
nvme0n1           0.00     0.00 218343.00    0.00   852.90     0.00     8.00     0.47    0.02    0.02    0.00   0.00  24.40
nvme0n1           0.00     0.00 219294.00    0.00   856.61     0.00     8.00     0.62    0.02    0.02    0.00   0.00  28.40
nvme0n1           0.00     0.00 219224.00    0.00   856.35     0.00     8.00     0.34    0.02    0.02    0.00   0.00  23.20
nvme0n1           0.00     0.00 218005.00    0.00   851.58     0.00     8.00     0.53    0.02    0.02    0.00   0.00  28.80
nvme0n1           0.00     0.00 218486.00    0.00   853.46     0.00     8.00     0.46    0.02    0.02    0.00   0.00  24.00
nvme0n1           0.00     0.00 218687.00    0.00   854.25     0.00     8.00     0.62    0.02    0.02    0.00   0.00  30.40
nvme0n1           0.00     0.00 219373.00    0.00   856.92     0.00     8.00     0.36    0.02    0.02    0.00   0.00  21.60
nvme0n1           0.00     0.00 215947.00    0.00   843.54     0.00     8.00     0.41    0.02    0.02    0.00   0.00  26.00
