nvme0n1           0.00     0.00    0.00    0.00     0.00     0.00     0.00     0.00    0.00    0.00    0.00   0.00   0.00
nvme0n1           0.00     3.00 65199.00 26387.00   254.68   103.09     8.00     0.24    0.03    0.03    0.03   0.00  13.60
nvme0n1           0.00     0.00 111270.00 44965.00   434.65   175.64     8.00     0.42    0.03    0.03    0.02   0.00  19.60
nvme0n1           0.00     0.00 111497.00 45194.00   435.54   176.54     8.00     0.50    0.03    0.03    0.03   0.00  26.00
nvme0n1           0.00     0.00 111110.00 44844.00   434.02   175.17     8.00     0.35    0.02    0.02    0.02   0.00  23.60
nvme0n1           0.00     0.00 111515.00 45177.00   435.61   176.47     8.00     0.36    0.02    0.02    0.03   0.00  20.00
nvme0n1           0.00     3.00 110786.00 45047.00   432.76   175.98     8.00     0.46    0.03    0.03    0.03   0.00  24.80
nvme0n1           0.00     0.00 111803.00 44769.00   436.73   174.88     8.00     0.39    0.02    0.02    0.03   0.00  22.80
nvme0n1           0.00     0.00 111176.00 44921.00   434.28   175.47     8.00     0.30    0.02    0.02    0.02   0.00  18.40
nvme0n1           0.00     0.00 111056.00 44841.00   433.81   175.16     8.00     0.39    0.02    0.02    0.03   0.00  24.80
nvme0n1           0.00     0.00 112072.00 44879.00   437.78   175.30     8.00     0.31    0.02    0.02    0.02   0.00  18.00
nvme0n1           0.00     3.00 111443.00 44988.00   435.32   175.75     8.00     0.36    0.02    0.02    0.02   0.00  21.60
nvme0n1           0.00     0.00 112621.00 45477.00   439.93   177.64     8.00     0.24    0.02    0.03    0.02   0.00  14.80
nvme0n1           0.00     0.00 111902.00 45056.00   437.12   176.00     8.00     0.42    0.03    0.03    0.03   0.00  25.20
nvme0n1           0.00     0.00 112568.00 45413.00   439.72   177.39     8.00     0.34    0.02    0.03    0.02   0.00  21.20
nvme0n1           0.00     0.00 112538.00 45307.00   439.60   176.98     8.00     0.31    0.02    0.02    0.02   0.00  20.00
nvme0n1           0.00     3.00 100594.00 49369.00   392.95   192.86     8.00     0.34    0.02    0.02    0.02   0.00  20.00
nvme0n1           0.00     0.00 88319.00 53182.00   344.99   207.75     8.00     0.28    0.03    0.03    0.03   0.00  18.80
nvme0n1           0.00     0.00 87559.00 52560.00   342.03   205.31     8.00     0.26    0.03    0.03    0.02   0.00  18.80
nvme0n1           0.00     0.00 87854.00 52909.00   343.18   206.68     8.00     0.23    0.02    0.02    0.03   0.00  18.40
nvme0n1           0.00     0.00 87799.00 52736.00   342.96   206.00     8.00     0.31    0.03    0.03    0.03   0.00  20.40
nvme0n1           0.00     3.00 88331.00 53183.00   345.04   207.75     8.00     0.30    0.03    0.03    0.03   0.00  20.40
nvme0n1           0.00     0.00 88087.00 52689.00   344.09   205.82     8.00     0.41    0.03    0.03    0.03   0.00  22.40
nvme0n1           0.00     1.00 87793.00 52669.00   342.95   205.74     8.00     0.28    0.02    0.03    0.02   0.00  17.20
nvme0n1           0.00     0.00 87699.00 52748.00   342.57   206.05     8.00     0.32    0.02    0.02    0.02   0.00  19.60
nvme0n1           0.00     0.00 87665.00 52788.00   342.44   206.20     8.00     0.33    0.03    0.03    0.03   0.00  21.60
nvme0n1           0.00     3.00 87310.00 52754.00   341.05   206.08     8.00     0.32    0.02    0.02    0.03   0.00  20.80
nvme0n1           0.00     0.00 87681.00 52528.00   342.50   205.19     8.00     0.27    0.02    0.02    0.02   0.00  16.80
nvme0n1           0.00     0.00 87741.00 53105.00   342.74   207.44     8.00     0.38    0.03    0.03    0.02   0.00  23.60
nvme0n1           0.00     0.00 88226.00 53157.00   344.63   207.64     8.00     0.40    0.03    0.03    0.02   0.00  23.60
nvme0n1           0.00     0.00 87998.00 52521.00   343.74   205.16     8.00     0.26    0.02    0.03    0.02   0.00  18.00
nvme0n1           0.00     3.00 88197.00 53115.00   344.52   207.49     8.00     0.27    0.03    0.03    0.02   0.00  19.60
nvme0n1           0.00     0.00 88013.00 52512.00   343.80   205.12     8.00     0.34    0.02    0.03    0.02   0.00  21.20
nvme0n1           0.00     0.00 87370.00 53204.00   341.29   207.83     8.00     0.26    0.03    0.03    0.02   0.00  16.40
nvme0n1           0.00     0.00 106436.00 47347.00   415.77   184.95     8.00     0.34    0.03    0.03    0.02   0.00  21.60
nvme0n1           0.00     0.00 113100.00 45089.00   441.80   176.13     8.00     0.41    0.03    0.03    0.03   0.00  22.80
nvme0n1           0.00     3.00 112311.00 45056.00   438.71   176.01     8.00     0.36    0.02    0.03    0.02   0.00  18.80
nvme0n1           0.00     0.00 112721.00 44868.00   440.32   175.27     8.00     0.34    0.03    0.02    0.03   0.00  17.60
nvme0n1           0.00     0.00 113686.00 45288.00   444.08   176.91     8.00     0.34    0.03    0.03    0.02   0.00  21.20
nvme0n1           0.00     0.00 112519.00 44761.00   439.53   174.85     8.00     0.38    0.03    0.03    0.02   0.00  24.80
nvme0n1           0.00     0.00 113482.00 45111.00   443.29   176.21     8.00     0.41    0.03    0.02    0.03   0.00  20.80
nvme0n1           0.00     3.00 114399.00 45195.00   446.87   176.55     8.00     0.36    0.03    0.03    0.03   0.00  19.20
nvme0n1           0.00     0.00 113617.00 44966.00   443.82   175.65     8.00     0.36    0.03    0.03    0.02   0.00  22.80
nvme0n1           0.00     0.00 113587.00 45342.00   443.70   177.12     8.00     0.48    0.03    0.03    0.02   0.00  26.40
nvme0n1           0.00     0.00 113444.00 44947.00   443.14   175.57     8.00     0.33    0.02    0.02    0.02   0.00  20.40
nvme0n1           0.00     0.00 113103.00 44898.00   441.81   175.38     8.00     0.51    0.03    0.03    0.02   0.00  26.40
nvme0n1           0.00     3.00 113749.00 45119.00   444.33   176.26     8.00     0.37    0.03    0.03    0.02   0.00  22.00
nvme0n1           0.00     0.00 113987.00 45382.00   445.26   177.27     8.00     0.46    0.03    0.03    0.03   0.00  24.80
nvme0n1           0.00     0.00 112931.00 45290.00   441.14   176.91     8.00     0.34    0.02    0.02    0.02   0.00  18.40
nvme0n1           0.00     0.00 113390.00 45397.00   442.93   177.33     8.00     0.42    0.03    0.03    0.02   0.00  25.20
nvme0n1           0.00     0.00 113412.00 45105.00   443.02   176.19     8.00     0.34    0.03    0.03    0.02   0.00  19.60
nvme0n1           0.00     3.00 113814.00 45168.00   444.59   176.45     8.00     0.46    0.03    0.03    0.03   0.00  26.00
nvme0n1           0.00     0.00 113685.00 44743.00   444.09   174.78     8.00     0.46    0.03    0.03    0.03   0.00  25.20
nvme0n1           0.00     0.00 112939.00 44801.00   441.16   175.00     8.00     0.40    0.02    0.02    0.02   0.00  22.00
nvme0n1           0.00     0.00 112806.00 44921.00   440.65   175.47     8.00     0.32    0.02    0.02    0.02   0.00  21.20
nvme0n1           0.00     0.00 113126.00 44996.00   441.89   175.77     8.00     0.29    0.03    0.03    0.03   0.00  14.40
nvme0n1           0.00     3.00 113127.00 45363.00   441.90   177.21     8.00     0.31    0.03    0.03    0.02   0.00  18.00
nvme0n1           0.00     0.00 113808.00 45262.00   444.56   176.80     8.00     0.40    0.03    0.03    0.02   0.00  23.60
nvme0n1           0.00     0.00 112778.00 44876.00   440.54   175.30     8.00     0.27    0.02    0.02    0.02   0.00  23.20
nvme0n1           0.00     0.00 113043.00 45128.00   441.57   176.28     8.00     0.39    0.02    0.02    0.02   0.00  22.00
nvme0n1           0.00     0.00 113003.00 45127.00   441.41   176.28     8.00     0.44    0.03    0.03    0.03   0.00  26.40
nvme0n1           0.00     3.00 112794.00 44995.00   440.60   175.78     8.00     0.37    0.02    0.03    0.02   0.00  25.20
nvme0n1           0.00     0.00 112960.00 44783.00   441.25   174.93     8.00     0.38    0.02    0.02    0.03   0.00  22.00
nvme0n1           0.00     0.00 112856.00 45354.00   440.84   177.16     8.00     0.35    0.02    0.02    0.02   0.00  21.20
nvme0n1           0.00     0.00 112692.00 45253.00   440.20   176.77     8.00     0.32    0.02    0.02    0.02   0.00  18.80
nvme0n1           0.00     0.00 113144.00 45015.00   441.97   175.84     8.00     0.43    0.03    0.03    0.02   0.00  23.20
nvme0n1           0.00     3.00 113418.00 45015.00   443.04   175.85     8.00     0.41    0.02    0.02    0.03   0.00  28.00
nvme0n1           0.00     0.00 112642.00 44935.00   440.01   175.53     8.00     0.31    0.03    0.03    0.02   0.00  19.20
nvme0n1           0.00     0.00 113064.00 45045.00   441.66   175.96     8.00     0.32    0.02    0.02    0.02   0.00  17.60
nvme0n1           0.00     0.00 113896.00 45178.00   444.91   176.47     8.00     0.36    0.03    0.03    0.03   0.00  22.80
nvme0n1           0.00     0.00 113586.00 45627.00   443.70   178.23     8.00     0.30    0.03    0.03    0.03   0.00  18.80
nvme0n1           0.00     3.00 113391.00 44841.00   442.93   175.17     8.00     0.39    0.02    0.02    0.02   0.00  18.80
nvme0n1           0.00     0.00 112991.00 45252.00   441.38   176.77     8.00     0.39    0.03    0.03    0.03   0.00  18.00
nvme0n1           0.00     0.00 111484.00 44371.00   435.48   173.32     8.00     0.44    0.03    0.03    0.03   0.00  26.80
nvme0n1           0.00     0.00 111975.25 44712.87   437.41   174.66     8.00     0.34    0.02    0.03    0.02   0.00  21.39
nvme0n1           0.00     0.00 113542.00 45024.00   443.52   175.88     8.00     0.47    0.03    0.03    0.03   0.00  23.60
nvme0n1           0.00     3.00 112638.00 45443.00   440.00   177.52     8.00     0.41    0.03    0.03    0.03   0.00  27.20
nvme0n1           0.00     0.00 113088.00 44984.00   441.75   175.72     8.00     0.42    0.02    0.03    0.02   0.00  22.40
nvme0n1           0.00     0.00 113265.00 45123.00   442.44   176.26     8.00     0.35    0.03    0.03    0.02   0.00  24.00
nvme0n1           0.00     0.00 113456.00 45243.00   443.19   176.73     8.00     0.38    0.02    0.02    0.02   0.00  19.60
nvme0n1           0.00     0.00 112421.00 44969.00   439.14   175.66     8.00     0.35    0.02    0.02    0.02   0.00  24.00
nvme0n1           0.00     3.00 113505.00 44655.00   443.38   174.45     8.00     0.30    0.03    0.03    0.03   0.00  18.40
nvme0n1           0.00     0.00 113249.00 44934.00   442.38   175.52     8.00     0.46    0.03    0.03    0.03   0.00  25.60
nvme0n1           0.00     0.00 113299.00 45584.00   442.57   178.06     8.00     0.36    0.03    0.03    0.03   0.00  18.80
nvme0n1           0.00     0.00 113214.00 45469.00   442.24   177.61     8.00     0.35    0.02    0.03    0.02   0.00  23.20
nvme0n1           0.00     0.00 112393.00 44936.00   439.04   175.53     8.00     0.44    0.03    0.02    0.03   0.00  25.60
nvme0n1           0.00     3.00 112372.00 44987.00   438.95   175.74     8.00     0.35    0.02    0.02    0.02   0.00  21.20
nvme0n1           0.00     0.00 113643.00 45196.00   443.92   176.55     8.00     0.30    0.02    0.03    0.02   0.00  20.40
nvme0n1           0.00     0.00 112965.00 45107.00   441.27   176.20     8.00     0.37    0.03    0.03    0.02   0.00  20.00
nvme0n1           0.00     0.00 113211.00 45261.00   442.23   176.80     8.00     0.35    0.03    0.03    0.03   0.00  20.40
nvme0n1           0.00     0.00 113742.00 45334.00   444.30   177.09     8.00     0.43    0.03    0.03    0.03   0.00  26.00
nvme0n1           0.00     3.00 113615.00 44932.00   443.81   175.53     8.00     0.42    0.03    0.03    0.03   0.00  25.60
nvme0n1           0.00     0.00 113515.00 45077.00   443.42   176.08     8.00     0.33    0.02    0.03    0.02   0.00  18.40
nvme0n1           0.00     0.00 113278.00 45107.00   442.49   176.20     8.00     0.40    0.02    0.02    0.02   0.00  23.20
nvme0n1           0.00     0.00 113393.00 45236.00   442.94   176.70     8.00     0.48    0.03    0.03    0.03   0.00  26.00
nvme0n1           0.00     0.00 112683.00 45317.00   440.17   177.02     8.00     0.27    0.02    0.02    0.02   0.00  18.40
nvme0n1           0.00     3.00 112780.00 44912.00   440.54   175.45     8.00     0.44    0.02    0.02    0.02   0.00  26.40
nvme0n1           0.00     0.00 113453.00 45155.00   443.18   176.39     8.00     0.36    0.02    0.02    0.02   0.00  22.00
nvme0n1           0.00     0.00 113284.00 45050.00   442.52   175.98     8.00     0.48    0.02    0.03    0.02   0.00  25.60
nvme0n1           0.00     0.00 113321.00 45061.00   442.66   176.02     8.00     0.48    0.03    0.03    0.03   0.00  20.40
nvme0n1           0.00     0.00 113523.00 45443.00   443.45   177.51     8.00     0.32    0.03    0.03    0.02   0.00  20.00
nvme0n1           0.00     3.00 113743.00 45017.00   444.31   175.86     8.00     0.42    0.03    0.03    0.03   0.00  27.20
nvme0n1           0.00     0.00 113499.00 44993.00   443.36   175.76     8.00     0.37    0.03    0.03    0.02   0.00  22.80
nvme0n1           0.00     0.00 40024.00 17087.00   156.34    66.74     8.00     0.11    0.02    0.02    0.02   0.00   5.20
