          30.98    0.00   18.20    0.00    0.00   50.82
          27.14    0.00   20.41    0.00    0.00   52.45
          28.23    0.00   21.58    0.00    0.00   50.19
          28.99    0.00   21.04    0.00    0.00   49.97
          28.38    0.00   21.55    0.00    0.00   50.06
          28.30    0.00   21.73    0.00    0.00   49.97
          28.57    0.00   21.37    0.00    0.00   50.06
          28.25    0.00   21.66    0.00    0.00   50.09
          28.30    0.00   21.67    0.00    0.00   50.03
          28.47    0.00   21.53    0.00    0.00   50.00
          28.87    0.00   21.04    0.06    0.00   50.03
          28.29    0.00   21.78    0.00    0.00   49.94
          28.46    0.00   21.58    0.00    0.00   49.97
          28.78    0.00   21.19    0.00    0.00   50.03
          28.57    0.00   21.30    0.00    0.00   50.13
          28.94    0.00   21.03    0.00    0.00   50.03
          28.54    0.00   21.55    0.00    0.00   49.91
          28.90    0.00   21.07    0.00    0.00   50.03
          28.99    0.00   20.91    0.00    0.00   50.09
          28.45    0.00   21.55    0.00    0.00   50.00
          28.76    0.00   21.12    0.06    0.00   50.06
          28.65    0.00   21.25    0.00    0.00   50.09
          28.63    0.00   21.30    0.00    0.00   50.06
          28.36    0.00   21.58    0.00    0.00   50.06
          28.42    0.00   21.46    0.00    0.00   50.13
          28.74    0.00   21.29    0.00    0.00   49.97
          28.46    0.00   21.44    0.00    0.00   50.09
          28.63    0.00   21.30    0.00    0.00   50.06
          28.88    0.00   21.05    0.00    0.00   50.06
          28.88    0.00   21.05    0.00    0.00   50.06
          28.66    0.00   21.34    0.00    0.00   50.00
          28.57    0.00   21.43    0.00    0.00   50.00
          28.86    0.00   21.02    0.00    0.00   50.13
          28.74    0.00   21.29    0.00    0.00   49.97
          29.04    0.00   20.96    0.00    0.00   50.00
          28.96    0.00   21.08    0.06    0.00   49.91
          28.53    0.00   21.38    0.00    0.00   50.09
          28.72    0.00   21.28    0.00    0.00   50.00
          28.46    0.00   21.44    0.00    0.00   50.09
          28.33    0.00   21.55    0.00    0.00   50.13
          28.62    0.00   21.35    0.00    0.00   50.03
          28.98    0.00   20.95    0.00    0.00   50.06
          28.93    0.00   20.98    0.00    0.00   50.09
          28.84    0.00   21.13    0.00    0.00   50.03
          28.80    0.00   21.16    0.00    0.00   50.03
          29.03    0.00   20.94    0.00    0.00   50.03
          29.30    0.00   20.66    0.00    0.00   50.03
          28.57    0.00   21.49    0.00    0.00   49.94
          28.72    0.00   21.21    0.00    0.00   50.06
          28.84    0.00   21.13    0.00    0.00   50.03
          28.86    0.00   21.02    0.06    0.00   50.06
          29.11    0.00   20.77    0.00    0.00   50.13
          29.10    0.00   20.84    0.00    0.00   50.06
          28.93    0.00   21.10    0.00    0.00   49.97
          28.85    0.00   21.15    0.00    0.00   50.00
          29.10    0.00   20.96    0.00    0.00   49.94
          28.69    0.00   21.16    0.00    0.00   50.16
          29.07    0.00   20.93    0.00    0.00   50.00
          29.47    0.00   20.44    0.00    0.00   50.09
          29.40    0.00   20.50    0.00    0.00   50.09
          29.12    0.00   20.79    0.06    0.00   50.03
          29.07    0.00   20.93    0.00    0.00   50.00
          29.01    0.00   20.99    0.00    0.00   50.00
          29.07    0.00   20.86    0.00    0.00   50.06
          29.14    0.00   20.80    0.00    0.00   50.06
          29.10    0.00   20.96    0.00    0.00   49.94
          29.05    0.00   20.91    0.00    0.00   50.03
          29.22    0.00   20.84    0.00    0.00   49.94
          29.16    0.00   20.84    0.00    0.00   50.00
          28.98    0.00   20.95    0.00    0.00   50.06
          29.20    0.00   20.74    0.00    0.00   50.06
          28.76    0.00   21.24    0.00    0.00   50.00
          28.88    0.00   21.05    0.00    0.00   50.06
          29.22    0.00   20.78    0.00    0.00   50.00
          28.95    0.00   21.05    0.00    0.00   50.00
          28.87    0.00   21.10    0.06    0.00   49.97
          29.24    0.00   20.73    0.00    0.00   50.03
          28.78    0.00   21.13    0.00    0.00   50.09
          29.36    0.00   20.51    0.00    0.00   50.13
          29.05    0.00   20.89    0.00    0.00   50.06
          29.01    0.00   21.05    0.00    0.00   49.94
          29.23    0.00   20.70    0.00    0.00   50.06
          29.23    0.00   20.64    0.00    0.00   50.13
          28.43    0.00   21.54    0.00    0.00   50.03
          29.53    0.00   20.38    0.00    0.00   50.09
          28.80    0.00   21.23    0.00    0.00   49.97
          28.88    0.00   21.05    0.06    0.00   50.00
          28.55    0.00   21.42    0.00    0.00   50.03
          29.35    0.00   20.43    0.00    0.00   50.22
          29.22    0.00   20.78    0.00    0.00   50.00
          29.34    0.00   20.63    0.00    0.00   50.03
          29.34    0.00   20.56    0.00    0.00   50.09
          29.04    0.00   21.03    0.00    0.00   49.94
          28.65    0.00   21.32    0.00    0.00   50.03
          29.43    0.00   20.54    0.00    0.00   50.03
          29.24    0.00   20.79    0.00    0.00   49.97
          28.99    0.00   20.98    0.00    0.00   50.03
          29.20    0.00   20.80    0.00    0.00   50.00
          29.22    0.00   20.71    0.00    0.00   50.06
          29.64    0.00   20.36    0.00    0.00   50.00
          28.71    0.00   21.13    0.06    0.00   50.09
          28.55    0.00   21.48    0.00    0.00   49.97
          28.51    0.00   21.37    0.00    0.00   50.13
          28.95    0.00   21.05    0.00    0.00   50.00
          29.18    0.00   20.79    0.00    0.00   50.03
          29.26    0.00   20.74    0.00    0.00   50.00
          29.11    0.00   20.77    0.00    0.00   50.13
          28.59    0.00   21.38    0.00    0.00   50.03
          29.29    0.00   20.71    0.00    0.00   50.00
          29.26    0.00   20.68    0.00    0.00   50.06
          28.73    0.00   21.20    0.00    0.00   50.06
          29.30    0.00   20.73    0.00    0.00   49.97
          29.30    0.00   20.60    0.00    0.00   50.09
          29.26    0.00   20.74    0.00    0.00   50.00
          28.79    0.00   21.24    0.00    0.00   49.97
          29.14    0.00   20.89    0.06    0.00   49.91
          28.94    0.00   20.90    0.00    0.00   50.16
          28.96    0.00   21.14    0.00    0.00   49.91
          29.32    0.00   20.61    0.00    0.00   50.06
          28.85    0.00   21.15    0.00    0.00   50.00
          29.03    0.00   20.94    0.00    0.00   50.03
          29.45    0.00   20.49    0.00    0.00   50.06
          29.20    0.00   20.74    0.00    0.00   50.06
          29.12    0.00   20.91    0.00    0.00   49.97
          28.85    0.00   21.09    0.00    0.00   50.06
          28.74    0.00   21.29    0.00    0.00   49.97
          28.84    0.00   21.07    0.00    0.00   50.09
          29.35    0.00   20.71    0.00    0.00   49.94
          29.01    0.00   20.86    0.00    0.00   50.13
          28.80    0.00   21.23    0.00    0.00   49.97
          29.20    0.00   20.74    0.06    0.00   50.00
          29.29    0.00   20.71    0.00    0.00   50.00
          29.17    0.00   20.70    0.00    0.00   50.13
          29.24    0.00   20.79    0.00    0.00   49.97
          28.87    0.00   21.10    0.00    0.00   50.03
          28.68    0.00   21.35    0.00    0.00   49.97
          29.12    0.00   20.85    0.00    0.00   50.03
          29.13    0.00   20.78    0.00    0.00   50.09
          29.51    0.00   20.43    0.00    0.00   50.06
          29.03    0.00   20.88    0.00    0.00   50.09
          28.95    0.00   20.99    0.00    0.00   50.06
          28.62    0.00   21.35    0.00    0.00   50.03
          29.20    0.00   20.74    0.00    0.00   50.06
          29.12    0.00   20.91    0.00    0.00   49.97
          29.06    0.00   20.72    0.00    0.00   50.22
          29.04    0.00   20.96    0.06    0.00   49.94
          29.04    0.00   20.96    0.00    0.00   50.00
          29.22    0.00   20.75    0.00    0.00   50.03
          28.87    0.00   21.10    0.00    0.00   50.03
          28.99    0.00   20.98    0.00    0.00   50.03
          29.34    0.00   20.56    0.00    0.00   50.09
          28.42    0.00   21.52    0.00    0.00   50.06
          28.80    0.00   21.10    0.00    0.00   50.09
          28.78    0.00   21.19    0.00    0.00   50.03
          29.12    0.00   20.85    0.00    0.00   50.03
          29.37    0.00   20.66    0.00    0.00   49.97
          29.10    0.00   20.90    0.00    0.00   50.00
          29.30    0.00   20.66    0.00    0.00   50.03
          28.95    0.00   20.99    0.00    0.00   50.06
          29.57    0.00   20.43    0.00    0.00   50.00
          29.40    0.00   20.66    0.06    0.00   49.88
          29.36    0.00   20.70    0.00    0.00   49.94
          29.20    0.00   20.74    0.00    0.00   50.06
          29.45    0.00   20.55    0.00    0.00   50.00
          29.07    0.00   20.80    0.00    0.00   50.13
          28.87    0.00   21.23    0.00    0.00   49.91
          29.18    0.00   20.79    0.00    0.00   50.03
          28.97    0.00   21.00    0.00    0.00   50.03
          29.01    0.00   20.86    0.00    0.00   50.13
          29.55    0.00   20.39    0.00    0.00   50.06
          29.28    0.00   20.63    0.00    0.00   50.09
          29.12    0.00   20.91    0.00    0.00   49.97
          29.47    0.00   20.46    0.00    0.00   50.06
          28.80    0.00   21.14    0.00    0.00   50.06
          28.93    0.00   21.04    0.00    0.00   50.03
          29.26    0.00   20.68    0.06    0.00   50.00
          29.42    0.00   20.45    0.00    0.00   50.13
          29.01    0.00   20.99    0.00    0.00   50.00
          28.82    0.00   21.12    0.00    0.00   50.06
          28.88    0.00   21.05    0.00    0.00   50.06
          29.26    0.00   20.68    0.00    0.00   50.06
          29.47    0.00   20.50    0.00    0.00   50.03
          28.90    0.00   21.00    0.00    0.00   50.09
          28.99    0.00   21.10    0.00    0.00   49.91
          29.39    0.00   20.55    0.00    0.00   50.06
          29.12    0.00   20.85    0.06    0.00   49.97
          29.07    0.00   20.86    0.00    0.00   50.06
          29.09    0.00   20.82    0.00    0.00   50.09
          28.98    0.00   20.95    0.00    0.00   50.06
          28.64    0.00   21.45    0.00    0.00   49.91
          29.24    0.00   20.79    0.00    0.00   49.97
          28.90    0.00   21.07    0.00    0.00   50.03
          28.99    0.00   20.98    0.00    0.00   50.03
          28.80    0.00   21.14    0.00    0.00   50.06
          28.91    0.00   21.03    0.00    0.00   50.06
          28.43    0.00   21.67    0.00    0.00   49.91
          28.95    0.00   21.12    0.00    0.00   49.94
          29.18    0.00   20.79    0.00    0.00   50.03
          29.00    0.00   20.84    0.00    0.00   50.16
          29.24    0.00   20.73    0.00    0.00   50.03
          29.12    0.00   20.85    0.06    0.00   49.97
          28.85    0.00   21.21    0.00    0.00   49.94
          28.87    0.00   21.16    0.00    0.00   49.97
          28.74    0.00   21.29    0.00    0.00   49.97
          29.36    0.00   20.51    0.00    0.00   50.13
          29.40    0.00   20.56    0.00    0.00   50.03
          28.93    0.00   20.98    0.00    0.00   50.09
          29.01    0.00   20.99    0.00    0.00   50.00
          29.03    0.00   20.88    0.00    0.00   50.09
          29.07    0.00   20.86    0.00    0.00   50.06
          29.09    0.00   20.88    0.00    0.00   50.03
          29.18    0.00   20.79    0.00    0.00   50.03
          29.14    0.00   20.89    0.00    0.00   49.97
          28.91    0.00   21.15    0.00    0.00   49.94
          28.86    0.00   21.02    0.00    0.00   50.13
          29.07    0.00   20.86    0.06    0.00   50.00
          29.04    0.00   20.96    0.00    0.00   50.00
          28.91    0.00   21.09    0.00    0.00   50.00
          29.03    0.00   20.88    0.00    0.00   50.09
          28.71    0.00   21.19    0.00    0.00   50.09
          29.32    0.00   20.68    0.00    0.00   50.00
          29.19    0.00   20.72    0.00    0.00   50.09
          28.89    0.00   21.08    0.00    0.00   50.03
          28.88    0.00   21.12    0.00    0.00   50.00
          29.23    0.00   20.58    0.00    0.00   50.19
          28.95    0.00   21.05    0.06    0.00   49.94
          28.99    0.00   20.98    0.00    0.00   50.03
          28.99    0.00   20.98    0.00    0.00   50.03
          28.80    0.00   21.08    0.00    0.00   50.13
          29.51    0.00   20.49    0.00    0.00   50.00
          29.06    0.00   20.78    0.00    0.00   50.16
          29.24    0.00   20.79    0.00    0.00   49.97
          29.36    0.00   20.51    0.00    0.00   50.13
          28.61    0.00   21.27    0.00    0.00   50.13
          29.20    0.00   20.74    0.00    0.00   50.06
          28.97    0.00   21.00    0.00    0.00   50.03
          29.18    0.00   20.79    0.00    0.00   50.03
          29.40    0.00   20.56    0.00    0.00   50.03
          29.21    0.00   20.76    0.00    0.00   50.03
          28.74    0.00   21.29    0.00    0.00   49.97
          29.01    0.00   20.86    0.06    0.00   50.06
          29.01    0.00   20.99    0.00    0.00   50.00
          29.04    0.00   20.90    0.00    0.00   50.06
          28.79    0.00   21.28    0.00    0.00   49.94
          29.22    0.00   20.69    0.00    0.00   50.09
          29.20    0.00   20.80    0.00    0.00   50.00
          29.07    0.00   20.80    0.00    0.00   50.13
          28.51    0.00   21.49    0.00    0.00   50.00
          28.63    0.00   21.22    0.00    0.00   50.16
          29.37    0.00   20.60    0.00    0.00   50.03
          28.84    0.00   21.13    0.00    0.00   50.03
          29.12    0.00   20.91    0.00    0.00   49.97
          29.01    0.00   20.93    0.00    0.00   50.06
          29.30    0.00   20.66    0.00    0.00   50.03
          29.32    0.00   20.61    0.00    0.00   50.06
          29.13    0.00   20.72    0.06    0.00   50.09
          29.07    0.00   20.86    0.00    0.00   50.06
          28.63    0.00   21.28    0.00    0.00   50.09
          29.10    0.00   20.90    0.00    0.00   50.00
          28.88    0.00   21.12    0.00    0.00   50.00
          29.35    0.00   20.65    0.00    0.00   50.00
          28.85    0.00   21.15    0.00    0.00   50.00
          29.47    0.00   20.44    0.00    0.00   50.09
          28.78    0.00   21.19    0.00    0.00   50.03
          29.23    0.00   20.80    0.00    0.00   49.97
          28.76    0.00   21.30    0.00    0.00   49.94
          29.04    0.00   20.90    0.00    0.00   50.06
          28.95    0.00   21.05    0.00    0.00   50.00
          28.95    0.00   20.99    0.00    0.00   50.06
          29.14    0.00   20.80    0.00    0.00   50.06
          28.85    0.00   21.09    0.06    0.00   50.00
          28.87    0.00   21.16    0.00    0.00   49.97
          29.24    0.00   20.73    0.00    0.00   50.03
          28.59    0.00   21.38    0.00    0.00   50.03
          29.18    0.00   20.79    0.00    0.00   50.03
          29.09    0.00   20.94    0.00    0.00   49.97
          28.78    0.00   21.07    0.00    0.00   50.16
          28.83    0.00   21.04    0.00    0.00   50.13
          28.91    0.00   21.09    0.00    0.00   50.00
          29.45    0.00   20.49    0.00    0.00   50.06
          29.01    0.00   20.93    0.06    0.00   50.00
          29.30    0.00   20.58    0.00    0.00   50.13
          28.73    0.00   21.14    0.00    0.00   50.13
          29.41    0.00   20.59    0.00    0.00   50.00
          28.82    0.00   21.12    0.00    0.00   50.06
          29.24    0.00   20.85    0.00    0.00   49.91
          29.61    0.00   20.26    0.00    0.00   50.13
          29.05    0.00   20.83    0.00    0.00   50.13
          29.35    0.00   20.65    0.00    0.00   50.00
          29.17    0.00   20.77    0.00    0.00   50.06
          29.45    0.00   20.49    0.00    0.00   50.06
          29.01    0.00   20.99    0.00    0.00   50.00
          28.97    0.00   20.94    0.00    0.00   50.09
          29.14    0.00   20.80    0.00    0.00   50.06
          29.05    0.00   20.91    0.00    0.00   50.03
          28.80    0.00   21.16    0.06    0.00   49.97
          29.95    0.00   19.92    0.00    0.00   50.13
          29.28    0.00   20.69    0.00    0.00   50.03
          28.99    0.00   20.98    0.00    0.00   50.03
          29.26    0.00   20.74    0.00    0.00   50.00
          28.82    0.00   21.12    0.00    0.00   50.06
          29.01    0.00   20.93    0.00    0.00   50.06
          28.79    0.00   21.21    0.00    0.00   50.00
          28.64    0.00   21.39    0.00    0.00   49.97
          29.04    0.00   21.03    0.00    0.00   49.94
          28.93    0.00   21.10    0.00    0.00   49.97
          28.55    0.00   21.35    0.00    0.00   50.09
          29.24    0.00   20.79    0.00    0.00   49.97
          28.85    0.00   21.15    0.00    0.00   50.00
          28.85    0.00   21.15    0.00    0.00   50.00
          29.25    0.00   20.75    0.06    0.00   49.94
          29.32    0.00   20.68    0.00    0.00   50.00
          29.40    0.00   20.50    0.00    0.00   50.09
          28.76    0.00   21.18    0.00    0.00   50.06
          28.93    0.00   21.04    0.00    0.00   50.03
          28.71    0.00   21.25    0.00    0.00   50.03
          29.16    0.00   20.84    0.00    0.00   50.00
          29.08    0.00   20.95    0.00    0.00   49.97
          28.84    0.00   21.07    0.00    0.00   50.09
          28.90    0.00   21.07    0.00    0.00   50.03
          29.08    0.00   20.67    0.06    0.00   50.19
          28.78    0.00   21.13    0.00    0.00   50.09
          29.64    0.00   20.30    0.00    0.00   50.06
          29.24    0.00   20.85    0.00    0.00   49.91
          29.39    0.00   20.61    0.00    0.00   50.00
          29.26    0.00   20.74    0.00    0.00   50.00
          28.87    0.00   21.10    0.00    0.00   50.03
          28.77    0.00   21.26    0.00    0.00   49.97
          28.74    0.00   21.23    0.00    0.00   50.03
          29.17    0.00   20.77    0.00    0.00   50.06
          29.01    0.00   21.05    0.00    0.00   49.94
          29.01    0.00   20.93    0.00    0.00   50.06
          29.12    0.00   20.85    0.00    0.00   50.03
          29.45    0.00   20.49    0.00    0.00   50.06
          29.09    0.00   20.82    0.00    0.00   50.09
          28.87    0.00   21.16    0.06    0.00   49.91
          28.88    0.00   21.12    0.00    0.00   50.00
          28.82    0.00   21.12    0.00    0.00   50.06
          29.28    0.00   20.63    0.00    0.00   50.09
          29.09    0.00   20.82    0.00    0.00   50.09
          28.78    0.00   21.13    0.00    0.00   50.09
          28.71    0.00   21.17    0.00    0.00   50.13
          28.99    0.00   21.04    0.00    0.00   49.97
          29.47    0.00   20.59    0.00    0.00   49.94
          28.97    0.00   20.94    0.00    0.00   50.09
          29.14    0.00   20.93    0.00    0.00   49.94
          29.20    0.00   20.68    0.00    0.00   50.13
          28.74    0.00   21.29    0.00    0.00   49.97
          28.91    0.00   21.09    0.00    0.00   50.00
          29.07    0.00   20.86    0.00    0.00   50.06
          29.16    0.00   20.78    0.06    0.00   50.00
          28.57    0.00   21.43    0.00    0.00   50.00
          29.22    0.00   20.69    0.00    0.00   50.09
          29.14    0.00   20.89    0.00    0.00   49.97
          28.98    0.00   20.89    0.00    0.00   50.13
          28.55    0.00   21.48    0.00    0.00   49.97
          29.04    0.00   20.96    0.00    0.00   50.00
          28.95    0.00   20.99    0.00    0.00   50.06
          29.16    0.00   20.84    0.00    0.00   50.00
          28.96    0.00   21.08    0.00    0.00   49.97
          28.74    0.00   21.16    0.06    0.00   50.03
          28.80    0.00   21.14    0.00    0.00   50.06
          29.47    0.00   20.44    0.00    0.00   50.09
          29.12    0.00   20.85    0.00    0.00   50.03
          28.76    0.00   21.18    0.00    0.00   50.06
          28.93    0.00   21.10    0.00    0.00   49.97
          29.76    0.00   20.18    0.00    0.00   50.06
          28.91    0.00   21.09    0.00    0.00   50.00
          28.87    0.00   21.10    0.00    0.00   50.03
          29.20    0.00   20.74    0.00    0.00   50.06
          28.42    0.00   21.52    0.00    0.00   50.06
          29.34    0.00   20.63    0.00    0.00   50.03
          29.03    0.00   20.82    0.00    0.00   50.16
          28.61    0.00   21.33    0.00    0.00   50.06
          28.87    0.00   21.10    0.00    0.00   50.03
          29.32    0.00   20.61    0.06    0.00   50.00
          28.79    0.00   21.15    0.00    0.00   50.06
          29.70    0.00   20.30    0.00    0.00   50.00
          29.03    0.00   20.82    0.00    0.00   50.16
          28.78    0.00   21.19    0.00    0.00   50.03
          29.01    0.00   20.93    0.00    0.00   50.06
          28.62    0.00   21.35    0.00    0.00   50.03
          28.81    0.00   21.03    0.00    0.00   50.16
          29.11    0.00   20.83    0.00    0.00   50.06
          28.78    0.00   21.07    0.00    0.00   50.16
          29.15    0.00   20.82    0.00    0.00   50.03
          28.87    0.00   21.10    0.00    0.00   50.03
          29.24    0.00   20.73    0.00    0.00   50.03
          29.28    0.00   20.63    0.00    0.00   50.09
          28.85    0.00   21.15    0.00    0.00   50.00
          29.22    0.00   20.69    0.06    0.00   50.03
          28.54    0.00   21.33    0.00    0.00   50.13
          28.34    0.00   21.57    0.00    0.00   50.09
          29.82    0.00   20.11    0.00    0.00   50.06
          29.18    0.00   20.79    0.00    0.00   50.03
          29.05    0.00   20.95    0.00    0.00   50.00
          28.83    0.00   21.14    0.00    0.00   50.03
          28.80    0.00   21.14    0.00    0.00   50.06
          29.05    0.00   20.91    0.00    0.00   50.03
          29.20    0.00   20.74    0.00    0.00   50.06
          28.79    0.00   21.21    0.00    0.00   50.00
          29.51    0.00   20.49    0.00    0.00   50.00
          28.84    0.00   21.07    0.00    0.00   50.09
          29.05    0.00   20.91    0.00    0.00   50.03
          29.32    0.00   20.61    0.00    0.00   50.06
          29.30    0.00   20.66    0.06    0.00   49.97
          28.95    0.00   20.99    0.00    0.00   50.06
          28.94    0.00   21.12    0.00    0.00   49.94
          29.29    0.00   20.71    0.00    0.00   50.00
          28.44    0.00   21.47    0.00    0.00   50.09
          28.87    0.00   21.10    0.00    0.00   50.03
          29.57    0.00   20.36    0.00    0.00   50.06
          28.93    0.00   21.04    0.00    0.00   50.03
          29.45    0.00   20.49    0.00    0.00   50.06
          29.07    0.00   20.86    0.00    0.00   50.06
          29.24    0.00   20.73    0.06    0.00   49.97
          28.63    0.00   21.30    0.00    0.00   50.06
          28.99    0.00   20.98    0.00    0.00   50.03
          29.11    0.00   20.77    0.00    0.00   50.13
          29.04    0.00   20.96    0.00    0.00   50.00
          29.00    0.00   20.90    0.00    0.00   50.09
          28.66    0.00   21.34    0.00    0.00   50.00
          28.86    0.00   21.02    0.00    0.00   50.13
          29.17    0.00   20.70    0.00    0.00   50.13
          28.95    0.00   20.99    0.00    0.00   50.06
          29.39    0.00   20.61    0.00    0.00   50.00
          28.78    0.00   21.13    0.00    0.00   50.09
          29.03    0.00   20.94    0.00    0.00   50.03
          29.14    0.00   20.74    0.00    0.00   50.13
          28.69    0.00   21.16    0.00    0.00   50.16
          28.74    0.00   21.23    0.06    0.00   49.97
          28.87    0.00   21.10    0.00    0.00   50.03
          28.93    0.00   21.04    0.00    0.00   50.03
          28.74    0.00   21.29    0.00    0.00   49.97
          29.20    0.00   20.74    0.00    0.00   50.06
          28.59    0.00   21.38    0.00    0.00   50.03
          29.22    0.00   20.69    0.00    0.00   50.09
          29.55    0.00   20.45    0.00    0.00   50.00
          29.22    0.00   20.69    0.00    0.00   50.09
          28.95    0.00   20.99    0.00    0.00   50.06
          29.20    0.00   20.74    0.00    0.00   50.06
          29.09    0.00   20.88    0.00    0.00   50.03
          28.99    0.00   20.91    0.00    0.00   50.09
          29.14    0.00   20.86    0.00    0.00   50.00
          28.95    0.00   20.99    0.00    0.00   50.06
          28.71    0.00   21.19    0.06    0.00   50.03
          28.93    0.00   21.04    0.00    0.00   50.03
          29.01    0.00   20.93    0.00    0.00   50.06
          28.90    0.00   21.00    0.00    0.00   50.09
          29.07    0.00   20.99    0.00    0.00   49.94
          28.93    0.00   21.10    0.00    0.00   49.97
          29.22    0.00   20.78    0.00    0.00   50.00
          29.22    0.00   20.78    0.00    0.00   50.00
          28.70    0.00   21.30    0.00    0.00   50.00
          29.07    0.00   20.86    0.00    0.00   50.06
          29.79    0.00   20.30    0.06    0.00   49.84
          28.78    0.00   21.13    0.00    0.00   50.09
          28.77    0.00   21.26    0.00    0.00   49.97
          29.17    0.00   20.70    0.00    0.00   50.13
          28.68    0.00   21.29    0.00    0.00   50.03
          28.55    0.00   21.42    0.00    0.00   50.03
          29.24    0.00   20.79    0.00    0.00   49.97
          28.96    0.00   21.01    0.00    0.00   50.03
          28.76    0.00   21.24    0.00    0.00   50.00
          29.01    0.00   20.86    0.00    0.00   50.13
          28.92    0.00   21.02    0.00    0.00   50.06
          29.34    0.00   20.56    0.00    0.00   50.09
          29.49    0.00   20.45    0.00    0.00   50.06
          29.42    0.00   20.45    0.00    0.00   50.13
          29.03    0.00   20.88    0.00    0.00   50.09
          28.93    0.00   20.98    0.06    0.00   50.03
          29.53    0.00   20.44    0.00    0.00   50.03
          29.45    0.00   20.43    0.00    0.00   50.13
          29.04    0.00   21.03    0.00    0.00   49.94
          29.24    0.00   20.73    0.00    0.00   50.03
          28.63    0.00   21.30    0.00    0.00   50.06
          29.45    0.00   20.49    0.00    0.00   50.06
          28.88    0.00   21.12    0.00    0.00   50.00
          29.22    0.00   20.84    0.00    0.00   49.94
          28.96    0.00   21.08    0.00    0.00   49.97
          29.14    0.00   20.80    0.06    0.00   50.00
          29.22    0.00   20.84    0.00    0.00   49.94
          29.18    0.00   20.79    0.00    0.00   50.03
          29.25    0.00   20.59    0.00    0.00   50.16
          28.62    0.00   21.35    0.00    0.00   50.03
          28.95    0.00   21.05    0.00    0.00   50.00
          28.97    0.00   21.00    0.00    0.00   50.03
          29.07    0.00   20.86    0.00    0.00   50.06
          28.88    0.00   21.05    0.00    0.00   50.06
          29.21    0.00   20.83    0.00    0.00   49.97
          29.05    0.00   20.83    0.00    0.00   50.13
          29.05    0.00   20.89    0.00    0.00   50.06
          29.22    0.00   20.69    0.00    0.00   50.09
          29.16    0.00   20.84    0.00    0.00   50.00
          28.63    0.00   21.30    0.00    0.00   50.06
          28.85    0.00   21.15    0.06    0.00   49.94
          29.60    0.00   20.40    0.00    0.00   50.00
          29.02    0.00   21.01    0.00    0.00   49.97
          29.36    0.00   20.58    0.00    0.00   50.06
          29.15    0.00   20.75    0.00    0.00   50.09
          28.87    0.00   21.10    0.00    0.00   50.03
          29.15    0.00   20.75    0.00    0.00   50.09
          29.07    0.00   20.86    0.00    0.00   50.06
          28.84    0.00   21.07    0.00    0.00   50.09
          29.27    0.00   20.76    0.00    0.00   49.97
          28.54    0.00   21.46    0.00    0.00   50.00
          28.62    0.00   21.35    0.00    0.00   50.03
          28.57    0.00   21.37    0.00    0.00   50.06
          28.63    0.00   21.30    0.00    0.00   50.06
          29.12    0.00   20.85    0.00    0.00   50.03
          29.39    0.00   20.49    0.06    0.00   50.06
          29.09    0.00   20.88    0.00    0.00   50.03
          29.04    0.00   20.90    0.00    0.00   50.06
          28.97    0.00   21.00    0.00    0.00   50.03
          28.91    0.00   21.03    0.00    0.00   50.06
          29.03    0.00   20.94    0.00    0.00   50.03
          28.87    0.00   21.16    0.00    0.00   49.97
          28.99    0.00   20.98    0.00    0.00   50.03
          28.94    0.00   20.97    0.00    0.00   50.09
          29.11    0.00   20.77    0.00    0.00   50.13
          29.18    0.00   20.79    0.00    0.00   50.03
          29.34    0.00   20.63    0.00    0.00   50.03
          29.47    0.00   20.44    0.00    0.00   50.09
          28.59    0.00   21.38    0.00    0.00   50.03
          28.80    0.00   21.08    0.00    0.00   50.13
          29.19    0.00   20.84    0.06    0.00   49.91
          29.62    0.00   20.48    0.00    0.00   49.91
          29.22    0.00   20.75    0.00    0.00   50.03
          29.01    0.00   20.93    0.00    0.00   50.06
          28.82    0.00   21.18    0.00    0.00   50.00
          29.32    0.00   20.61    0.00    0.00   50.06
          29.20    0.00   20.80    0.00    0.00   50.00
          28.93    0.00   21.04    0.00    0.00   50.03
          28.54    0.00   21.46    0.00    0.00   50.00
          28.86    0.00   21.08    0.00    0.00   50.06
          29.23    0.00   20.64    0.06    0.00   50.06
          29.12    0.00   20.85    0.00    0.00   50.03
          29.24    0.00   20.79    0.00    0.00   49.97
          28.54    0.00   21.27    0.00    0.00   50.19
          28.88    0.00   21.12    0.00    0.00   50.00
          28.93    0.00   21.04    0.00    0.00   50.03
          28.87    0.00   21.16    0.00    0.00   49.97
          29.01    0.00   20.93    0.00    0.00   50.06
          29.11    0.00   20.77    0.00    0.00   50.13
          28.93    0.00   21.04    0.00    0.00   50.03
          29.22    0.00   20.84    0.00    0.00   49.94
          28.65    0.00   21.25    0.00    0.00   50.09
          28.95    0.00   21.05    0.00    0.00   50.00
          28.82    0.00   21.12    0.00    0.00   50.06
          29.22    0.00   20.69    0.00    0.00   50.09
          28.66    0.00   21.28    0.06    0.00   50.00
          29.06    0.00   20.84    0.00    0.00   50.09
          29.30    0.00   20.58    0.00    0.00   50.13
          28.77    0.00   21.33    0.00    0.00   49.91
          28.82    0.00   21.12    0.00    0.00   50.06
          29.28    0.00   20.69    0.00    0.00   50.03
          29.05    0.00   20.83    0.00    0.00   50.13
          28.68    0.00   21.29    0.00    0.00   50.03
